comlog_id,dates,dpoh_name_raw,gpt_superclean_title,count,CleanName_version1,CleanTitle_version1,CleanName_version2,CleanTitle_version2
589725,2023-12-18,Hon. Ya'ara Saks,Minister of Mental Health and Addictions | Associate Minister of Health,1,Ya'ara Saks,Minister of Mental Health and Addictions | Associate Minister of Health,Ya'ara Saks,Member of Parliament
328472,2014-06-19,Hon. Yonah Martin,Senator,1,Yonah Martin,Senator,Yonah Martin,Senator
468219,2020-02-19,Hon. Yonah Martin,Senator,1,Yonah Martin,Senator,Yonah Martin,Senator
500121,2021-03-23,"Ms. Ya'ara Saks, M.P.",Member of Parliament,1,Ya'ara Saks,Member of Parliament,Ya'ara Saks,Member of Parliament
483808,2020-10-09,Ms. Yanique Williams,Director of Policy,1,Yanique Williams,Director of Policy,Yanique Williams,Policy Advisor
160745,2010-11-23,Ms. Yaprak Baltacioglu,Deputy Minister,1,Yaprak Baltacioglu,Deputy Minister,Yaprak Baltacioglu,Deputy Minister
436103,2018-09-18,SENATOR YONAH MARTIN,Conservative Party of Canada,1,Yonah Martin,Conservative Party of Canada,Yonah Martin,Senator
616061,2024-09-26,The Honourable Ya'ara  Saks ,"Minister, Mental Health and Addictions",1,Ya'ara Saks,"Minister, Mental Health and Addictions",Ya'ara Saks,Member of Parliament
625567,2024-12-10,"The Honourable Ya'ara  Saks, P.C., M.P. ","Minister, Mental Health and Addictions",1,Ya'ara Saks,"Minister, Mental Health and Addictions",Ya'ara Saks,Member of Parliament
624175,2024-11-29,"The Honourable Ya'ara  Saks, P.C., M.P.  ","Minister, Addictions and Mental Health",1,Ya'ara Saks,"Minister, Addictions and Mental Health",Ya'ara Saks,Member of Parliament
444101,2018-05-29,The Hon. Yuen Pau Woo,Senator,1,Yuen Pau Woo,Senator,Yuen Pau Woo,Senator
444123,2018-05-31,The Hon. Yuen Pau Woo,Senator,1,Yuen Pau Woo,Senator,Yuen Pau Woo,Senator
482329,2020-07-10,Yaa Cole,Policy Analyst,1,Yaa Cole,Policy Analyst,Yaa Cole,Policy Analyst
495372,2021-01-05,Yaa Cole,Policy Analyst,1,Yaa Cole,Policy Analyst,Yaa Cole,Policy Analyst
495392,2021-01-22,Yaa Cole,Policy Analyst,1,Yaa Cole,Policy Analyst,Yaa Cole,Policy Analyst
581560,2023-10-05,Yaa Cole,Policy Analyst,1,Yaa Cole,Policy Analyst,Yaa Cole,Policy Analyst
581562,2023-10-24,Yaa Cole,Policy Analyst,1,Yaa Cole,Policy Analyst,Yaa Cole,Policy Analyst
516763,2021-12-02,Ya’ara Sakas,Member of Parliament,1,Yaara Sakas,Member of Parliament,Ya'ara Saks,Member of Parliament
508786,2021-06-15,Ya 'ara Saks,Member of Parliament,1,Ya 'ara Saks,Member of Parliament,Ya'ara Saks,Member of Parliament
532927,2022-05-26,Ya'ara  Saks,Member of Parliament,1,Ya'ara Saks,Member of Parliament,Ya'ara Saks,Member of Parliament
542898,2022-10-06,Ya'ara  Saks,Member of Parliament,1,Ya'ara Saks,Member of Parliament,Ya'ara Saks,Member of Parliament
548951,2022-11-30,Ya'ara  Saks,Member of Parliament,1,Ya'ara Saks,Member of Parliament,Ya'ara Saks,Member of Parliament
600747,2024-03-28,Ya'ara  Saks,"Minister, Mental Health and Addictions",1,Ya'ara Saks,"Minister, Mental Health and Addictions",Ya'ara Saks,Member of Parliament
603766,2024-04-30,Ya'ara  Saks,"Minister, Mental Health and Addictions",1,Ya'ara Saks,"Minister, Mental Health and Addictions",Ya'ara Saks,Member of Parliament
614752,2024-08-13,Ya'ara  Saks,"Minister, Mental Health and Addictions",1,Ya'ara Saks,"Minister, Mental Health and Addictions",Ya'ara Saks,Member of Parliament
614894,2024-08-13,Ya'ara  Saks,"Minister, Mental Health and Addictions",1,Ya'ara Saks,"Minister, Mental Health and Addictions",Ya'ara Saks,Member of Parliament
628686,2024-12-12,Ya'ara  Saks,Minister of Mental Health and Addictions | Associate Minister of Health,1,Ya'ara Saks,Minister of Mental Health and Addictions | Associate Minister of Health,Ya'ara Saks,Member of Parliament
631263,2025-01-30,Ya'ara  Saks,"Minister, Mental Health and Addictions",1,Ya'ara Saks,"Minister, Mental Health and Addictions",Ya'ara Saks,Member of Parliament
549593,2022-12-08,Ya'ara  Saks ,Member of Parliament,1,Ya'ara Saks,Member of Parliament,Ya'ara Saks,Member of Parliament
491710,2020-11-25,Ya'ara Saks,Member of Parliament,1,Ya'ara Saks,Member of Parliament,Ya'ara Saks,Member of Parliament
491851,2020-11-26,Ya'ara Saks,Member of Parliament,1,Ya'ara Saks,Member of Parliament,Ya'ara Saks,Member of Parliament
493534,2020-12-10,Ya'ara Saks,Member of Parliament,1,Ya'ara Saks,Member of Parliament,Ya'ara Saks,Member of Parliament
495474,2021-01-21,Ya'ara Saks,Member of Parliament,1,Ya'ara Saks,Member of Parliament,Ya'ara Saks,Member of Parliament
494405,2021-01-22,Ya'ara Saks,Member of Parliament,1,Ya'ara Saks,Member of Parliament,Ya'ara Saks,Member of Parliament
496181,2021-01-22,Ya'ara Saks,Member of Parliament,1,Ya'ara Saks,Member of Parliament,Ya'ara Saks,Member of Parliament
495816,2021-01-26,Ya'ara Saks,Member of Parliament,1,Ya'ara Saks,Member of Parliament,Ya'ara Saks,Member of Parliament
495377,2021-02-10,Ya'ara Saks,Member of Parliament,1,Ya'ara Saks,Member of Parliament,Ya'ara Saks,Member of Parliament
496385,2021-02-10,Ya'ara Saks,Member of Parliament,1,Ya'ara Saks,Member of Parliament,Ya'ara Saks,Member of Parliament
499608,2021-02-10,Ya'ara Saks,Member of Parliament,1,Ya'ara Saks,Member of Parliament,Ya'ara Saks,Member of Parliament
495099,2021-02-11,Ya'ara Saks,Member of Parliament,1,Ya'ara Saks,Member of Parliament,Ya'ara Saks,Member of Parliament
499688,2021-02-18,Ya'ara Saks,Member of Parliament,1,Ya'ara Saks,Member of Parliament,Ya'ara Saks,Member of Parliament
499057,2021-02-19,Ya'ara Saks,Member of Parliament,1,Ya'ara Saks,Member of Parliament,Ya'ara Saks,Member of Parliament
499176,2021-02-24,Ya'ara Saks,Member of Parliament,1,Ya'ara Saks,Member of Parliament,Ya'ara Saks,Member of Parliament
499218,2021-02-25,Ya'ara Saks,Member of Parliament,1,Ya'ara Saks,Member of Parliament,Ya'ara Saks,Member of Parliament
501279,2021-03-01,Ya'ara Saks,Member of Parliament,1,Ya'ara Saks,Member of Parliament,Ya'ara Saks,Member of Parliament
497542,2021-03-04,Ya'ara Saks,Member of Parliament,1,Ya'ara Saks,Member of Parliament,Ya'ara Saks,Member of Parliament
498520,2021-03-04,Ya'ara Saks,Member of Parliament,1,Ya'ara Saks,Member of Parliament,Ya'ara Saks,Member of Parliament
498710,2021-03-04,Ya'ara Saks,Member of Parliament,1,Ya'ara Saks,Member of Parliament,Ya'ara Saks,Member of Parliament
499884,2021-03-16,Ya'ara Saks,Member of Parliament,1,Ya'ara Saks,Member of Parliament,Ya'ara Saks,Member of Parliament
502434,2021-03-25,Ya'ara Saks,Member of Parliament,1,Ya'ara Saks,Member of Parliament,Ya'ara Saks,Member of Parliament
504815,2021-04-06,Ya'ara Saks,Member of Parliament,1,Ya'ara Saks,Member of Parliament,Ya'ara Saks,Member of Parliament
504729,2021-04-09,Ya'ara Saks,Member of Parliament,1,Ya'ara Saks,Member of Parliament,Ya'ara Saks,Member of Parliament
506242,2021-04-13,Ya'ara Saks,Member of Parliament,1,Ya'ara Saks,Member of Parliament,Ya'ara Saks,Member of Parliament
503161,2021-04-22,Ya'ara Saks,Member of Parliament,1,Ya'ara Saks,Member of Parliament,Ya'ara Saks,Member of Parliament
503284,2021-04-22,Ya'ara Saks,Member of Parliament,1,Ya'ara Saks,Member of Parliament,Ya'ara Saks,Member of Parliament
503889,2021-04-29,Ya'ara Saks,Member of Parliament,1,Ya'ara Saks,Member of Parliament,Ya'ara Saks,Member of Parliament
504714,2021-04-29,Ya'ara Saks,Member of Parliament,1,Ya'ara Saks,Member of Parliament,Ya'ara Saks,Member of Parliament
505806,2021-04-29,Ya'ara Saks,Member of Parliament,1,Ya'ara Saks,Member of Parliament,Ya'ara Saks,Member of Parliament
505553,2021-05-03,Ya'ara Saks,Member of Parliament,1,Ya'ara Saks,Member of Parliament,Ya'ara Saks,Member of Parliament
504009,2021-05-11,Ya'ara Saks,Member of Parliament,1,Ya'ara Saks,Member of Parliament,Ya'ara Saks,Member of Parliament
508055,2021-05-11,Ya'ara Saks,Member of Parliament,1,Ya'ara Saks,Member of Parliament,Ya'ara Saks,Member of Parliament
508802,2021-05-11,Ya'ara Saks,Member of Parliament,1,Ya'ara Saks,Member of Parliament,Ya'ara Saks,Member of Parliament
508501,2021-05-11,Ya'ara Saks,"Member of Parliament | Member, Environment and Sustainable Development Committee",1,Ya'ara Saks,"Member of Parliament | Member, Environment and Sustainable Development Committee",Ya'ara Saks,Member of Parliament
508797,2021-05-26,Ya'ara Saks,Member of Parliament,1,Ya'ara Saks,Member of Parliament,Ya'ara Saks,Member of Parliament
508823,2021-05-27,Ya'ara Saks,Member of Parliament,1,Ya'ara Saks,Member of Parliament,Ya'ara Saks,Member of Parliament
509894,2021-06-07,Ya'ara Saks,Member of Parliament,1,Ya'ara Saks,Member of Parliament,Ya'ara Saks,Member of Parliament
509984,2021-06-07,Ya'ara Saks,Member of Parliament,1,Ya'ara Saks,Member of Parliament,Ya'ara Saks,Member of Parliament
510825,2021-06-07,Ya'ara Saks,Member of Parliament,1,Ya'ara Saks,Member of Parliament,Ya'ara Saks,Member of Parliament
508772,2021-06-15,Ya'ara Saks,Member of Parliament,1,Ya'ara Saks,Member of Parliament,Ya'ara Saks,Member of Parliament
511209,2021-06-15,Ya'ara Saks,Member of Parliament,1,Ya'ara Saks,Member of Parliament,Ya'ara Saks,Member of Parliament
510619,2021-06-17,Ya'ara Saks,Member of Parliament,1,Ya'ara Saks,Member of Parliament,Ya'ara Saks,Member of Parliament
511404,2021-06-17,Ya'ara Saks,Member of Parliament,1,Ya'ara Saks,Member of Parliament,Ya'ara Saks,Member of Parliament
511210,2021-06-23,Ya'ara Saks,Member of Parliament,1,Ya'ara Saks,Member of Parliament,Ya'ara Saks,Member of Parliament
509439,2021-06-28,Ya'ara Saks,Member of Parliament,1,Ya'ara Saks,Member of Parliament,Ya'ara Saks,Member of Parliament
509501,2021-06-28,Ya'ara Saks,Member of Parliament,1,Ya'ara Saks,Member of Parliament,Ya'ara Saks,Member of Parliament
512175,2021-06-28,Ya'ara Saks,Member of Parliament,1,Ya'ara Saks,Member of Parliament,Ya'ara Saks,Member of Parliament
513462,2021-07-06,Ya'ara Saks,Member of Parliament,1,Ya'ara Saks,Member of Parliament,Ya'ara Saks,Member of Parliament
511798,2021-07-23,Ya'ara Saks,Member of Parliament,1,Ya'ara Saks,Member of Parliament,Ya'ara Saks,Member of Parliament
511917,2021-07-28,Ya'ara Saks,Member of Parliament,1,Ya'ara Saks,Member of Parliament,Ya'ara Saks,Member of Parliament
514272,2021-08-03,Ya'ara Saks,Member of Parliament,1,Ya'ara Saks,Member of Parliament,Ya'ara Saks,Member of Parliament
516877,2021-11-02,Ya'ara Saks,Member of Parliament,1,Ya'ara Saks,Member of Parliament,Ya'ara Saks,Member of Parliament
518300,2021-11-17,Ya'ara Saks,Member of Parliament,1,Ya'ara Saks,Member of Parliament,Ya'ara Saks,Member of Parliament
516507,2021-11-19,Ya'ara Saks,Member of Parliament,1,Ya'ara Saks,Member of Parliament,Ya'ara Saks,Member of Parliament
518199,2021-11-19,Ya'ara Saks,Member of Parliament,1,Ya'ara Saks,Member of Parliament,Ya'ara Saks,Member of Parliament
516206,2021-11-24,Ya'ara Saks,Member of Parliament,1,Ya'ara Saks,Member of Parliament,Ya'ara Saks,Member of Parliament
516264,2021-11-29,Ya'ara Saks,Member of Parliament,1,Ya'ara Saks,Member of Parliament,Ya'ara Saks,Member of Parliament
516320,2021-11-30,Ya'ara Saks,Member of Parliament,1,Ya'ara Saks,Member of Parliament,Ya'ara Saks,Member of Parliament
516510,2021-11-30,Ya'ara Saks,Member of Parliament,1,Ya'ara Saks,Member of Parliament,Ya'ara Saks,Member of Parliament
519748,2021-12-02,Ya'ara Saks,Member of Parliament,1,Ya'ara Saks,Member of Parliament,Ya'ara Saks,Member of Parliament
519427,2021-12-09,Ya'ara Saks,Member of Parliament,1,Ya'ara Saks,Member of Parliament,Ya'ara Saks,Member of Parliament
520303,2021-12-13,Ya'ara Saks,Member of Parliament,1,Ya'ara Saks,Member of Parliament,Ya'ara Saks,Member of Parliament
519196,2022-01-11,Ya'ara Saks,Member of Parliament,1,Ya'ara Saks,Member of Parliament,Ya'ara Saks,Member of Parliament
522706,2022-01-11,Ya'ara Saks,Member of Parliament,1,Ya'ara Saks,Member of Parliament,Ya'ara Saks,Member of Parliament
523302,2022-01-11,Ya'ara Saks,Member of Parliament,1,Ya'ara Saks,Member of Parliament,Ya'ara Saks,Member of Parliament
520398,2022-01-13,Ya'ara Saks,Member of Parliament,1,Ya'ara Saks,Member of Parliament,Ya'ara Saks,Member of Parliament
521332,2022-01-13,Ya'ara Saks,Member of Parliament,1,Ya'ara Saks,Member of Parliament,Ya'ara Saks,Member of Parliament
522988,2022-01-18,Ya'ara Saks,Member of Parliament,1,Ya'ara Saks,Member of Parliament,Ya'ara Saks,Member of Parliament
522845,2022-01-20,Ya'ara Saks,Member of Parliament,1,Ya'ara Saks,Member of Parliament,Ya'ara Saks,Member of Parliament
522716,2022-01-24,Ya'ara Saks,Member of Parliament,1,Ya'ara Saks,Member of Parliament,Ya'ara Saks,Member of Parliament
522986,2022-01-25,Ya'ara Saks,Member of Parliament,1,Ya'ara Saks,Member of Parliament,Ya'ara Saks,Member of Parliament
524672,2022-02-11,Ya'ara Saks,Member of Parliament,1,Ya'ara Saks,Member of Parliament,Ya'ara Saks,Member of Parliament
525404,2022-02-17,Ya'ara Saks,Member of Parliament,1,Ya'ara Saks,Member of Parliament,Ya'ara Saks,Member of Parliament
524305,2022-03-01,Ya'ara Saks,Member of Parliament,1,Ya'ara Saks,Member of Parliament,Ya'ara Saks,Member of Parliament
525621,2022-03-01,Ya'ara Saks,Member of Parliament,1,Ya'ara Saks,Member of Parliament,Ya'ara Saks,Member of Parliament
524809,2022-03-10,Ya'ara Saks,Member of Parliament,1,Ya'ara Saks,Member of Parliament,Ya'ara Saks,Member of Parliament
528563,2022-04-06,Ya'ara Saks,Member of Parliament,1,Ya'ara Saks,Member of Parliament,Ya'ara Saks,Member of Parliament
528600,2022-04-06,Ya'ara Saks,Member of Parliament,1,Ya'ara Saks,Member of Parliament,Ya'ara Saks,Member of Parliament
530242,2022-04-06,Ya'ara Saks,Member of Parliament,1,Ya'ara Saks,Member of Parliament,Ya'ara Saks,Member of Parliament
531424,2022-04-06,Ya'ara Saks,Member of Parliament,1,Ya'ara Saks,Member of Parliament,Ya'ara Saks,Member of Parliament
532218,2022-04-06,Ya'ara Saks,Member of Parliament,1,Ya'ara Saks,Member of Parliament,Ya'ara Saks,Member of Parliament
530268,2022-04-25,Ya'ara Saks,Member of Parliament,1,Ya'ara Saks,Member of Parliament,Ya'ara Saks,Member of Parliament
532850,2022-05-06,Ya'ara Saks,Member of Parliament,1,Ya'ara Saks,Member of Parliament,Ya'ara Saks,Member of Parliament
534715,2022-05-06,Ya'ara Saks,Member of Parliament,1,Ya'ara Saks,Member of Parliament,Ya'ara Saks,Member of Parliament
532497,2022-05-12,Ya'ara Saks,Member of Parliament,1,Ya'ara Saks,Member of Parliament,Ya'ara Saks,Member of Parliament
533656,2022-05-16,Ya'ara Saks,Member of Parliament,1,Ya'ara Saks,Member of Parliament,Ya'ara Saks,Member of Parliament
535101,2022-05-17,Ya'ara Saks,Member of Parliament,1,Ya'ara Saks,Member of Parliament,Ya'ara Saks,Member of Parliament
535811,2022-05-27,Ya'ara Saks,Member of Parliament,1,Ya'ara Saks,Member of Parliament,Ya'ara Saks,Member of Parliament
536815,2022-06-16,Ya'ara Saks,Member of Parliament,1,Ya'ara Saks,Member of Parliament,Ya'ara Saks,Member of Parliament
536827,2022-06-16,Ya'ara Saks,Member of Parliament,1,Ya'ara Saks,Member of Parliament,Ya'ara Saks,Member of Parliament
536840,2022-06-16,Ya'ara Saks,Member of Parliament,1,Ya'ara Saks,Member of Parliament,Ya'ara Saks,Member of Parliament
540323,2022-06-16,Ya'ara Saks,Member of Parliament,1,Ya'ara Saks,Member of Parliament,Ya'ara Saks,Member of Parliament
538018,2022-06-24,Ya'ara Saks,Member of Parliament,1,Ya'ara Saks,Member of Parliament,Ya'ara Saks,Member of Parliament
538126,2022-06-24,Ya'ara Saks,Member of Parliament,1,Ya'ara Saks,Member of Parliament,Ya'ara Saks,Member of Parliament
536642,2022-06-29,Ya'ara Saks,Member of Parliament,1,Ya'ara Saks,Member of Parliament,Ya'ara Saks,Member of Parliament
540293,2022-08-15,Ya'ara Saks,Member of Parliament,1,Ya'ara Saks,Member of Parliament,Ya'ara Saks,Member of Parliament
547434,2022-10-03,Ya'ara Saks,Member of Parliament,1,Ya'ara Saks,Member of Parliament,Ya'ara Saks,Member of Parliament
544632,2022-10-11,Ya'ara Saks,Member of Parliament,1,Ya'ara Saks,Member of Parliament,Ya'ara Saks,Member of Parliament
547185,2022-10-11,Ya'ara Saks,Member of Parliament,1,Ya'ara Saks,Member of Parliament,Ya'ara Saks,Member of Parliament
546965,2022-10-18,Ya'ara Saks,Member of Parliament,1,Ya'ara Saks,Member of Parliament,Ya'ara Saks,Member of Parliament
547616,2022-10-24,Ya'ara Saks,Member of Parliament,1,Ya'ara Saks,Member of Parliament,Ya'ara Saks,Member of Parliament
566468,2022-10-25,Ya'ara Saks,Member of Parliament,1,Ya'ara Saks,Member of Parliament,Ya'ara Saks,Member of Parliament
546403,2022-10-28,Ya'ara Saks,Member of Parliament,1,Ya'ara Saks,Member of Parliament,Ya'ara Saks,Member of Parliament
546706,2022-10-28,Ya'ara Saks,Member of Parliament,1,Ya'ara Saks,Member of Parliament,Ya'ara Saks,Member of Parliament
548012,2022-11-17,Ya'ara Saks,Parliamentary Secretary,1,Ya'ara Saks,Parliamentary Secretary,Ya'ara Saks,Member of Parliament
550922,2022-11-29,Ya'ara Saks,Parliamentary Secretary,1,Ya'ara Saks,Parliamentary Secretary,Ya'ara Saks,Member of Parliament
560966,2022-11-29,Ya'ara Saks,Parliamentary Secretary,1,Ya'ara Saks,Parliamentary Secretary,Ya'ara Saks,Member of Parliament
553818,2022-12-01,Ya'ara Saks,Member of Parliament,1,Ya'ara Saks,Member of Parliament,Ya'ara Saks,Member of Parliament
552375,2022-12-13,Ya'ara Saks,Member of Parliament,1,Ya'ara Saks,Member of Parliament,Ya'ara Saks,Member of Parliament
553239,2022-12-13,Ya'ara Saks,Member of Parliament,1,Ya'ara Saks,Member of Parliament,Ya'ara Saks,Member of Parliament
554318,2022-12-13,Ya'ara Saks,Member of Parliament,1,Ya'ara Saks,Member of Parliament,Ya'ara Saks,Member of Parliament
554889,2023-01-19,Ya'ara Saks,Member of Parliament,1,Ya'ara Saks,Member of Parliament,Ya'ara Saks,Member of Parliament
555998,2023-02-07,Ya'ara Saks,Member of Parliament,1,Ya'ara Saks,Member of Parliament,Ya'ara Saks,Member of Parliament
558155,2023-02-07,Ya'ara Saks,Member of Parliament,1,Ya'ara Saks,Member of Parliament,Ya'ara Saks,Member of Parliament
573613,2023-02-07,Ya'ara Saks,Member of Parliament,1,Ya'ara Saks,Member of Parliament,Ya'ara Saks,Member of Parliament
555997,2023-02-08,Ya'ara Saks,Member of Parliament,1,Ya'ara Saks,Member of Parliament,Ya'ara Saks,Member of Parliament
558425,2023-02-13,Ya'ara Saks,Member of Parliament,1,Ya'ara Saks,Member of Parliament,Ya'ara Saks,Member of Parliament
558924,2023-02-13,Ya'ara Saks,Member of Parliament,1,Ya'ara Saks,Member of Parliament,Ya'ara Saks,Member of Parliament
556429,2023-02-14,Ya'ara Saks,Parliamentary Secretary,1,Ya'ara Saks,Parliamentary Secretary,Ya'ara Saks,Member of Parliament
557451,2023-02-16,Ya'ara Saks,Member of Parliament,1,Ya'ara Saks,Member of Parliament,Ya'ara Saks,Member of Parliament
558214,2023-02-16,Ya'ara Saks,Member of Parliament,1,Ya'ara Saks,Member of Parliament,Ya'ara Saks,Member of Parliament
558225,2023-02-16,Ya'ara Saks,Member of Parliament,1,Ya'ara Saks,Member of Parliament,Ya'ara Saks,Member of Parliament
562082,2023-03-07,Ya'ara Saks,Member of Parliament,1,Ya'ara Saks,Member of Parliament,Ya'ara Saks,Member of Parliament
562135,2023-03-09,Ya'ara Saks,Member of Parliament,1,Ya'ara Saks,Member of Parliament,Ya'ara Saks,Member of Parliament
562407,2023-03-09,Ya'ara Saks,Member of Parliament,1,Ya'ara Saks,Member of Parliament,Ya'ara Saks,Member of Parliament
561342,2023-03-15,Ya'ara Saks,Member of Parliament,1,Ya'ara Saks,Member of Parliament,Ya'ara Saks,Member of Parliament
562223,2023-03-17,Ya'ara Saks,Member of Parliament,1,Ya'ara Saks,Member of Parliament,Ya'ara Saks,Member of Parliament
561106,2023-03-23,Ya'ara Saks,Member of Parliament,1,Ya'ara Saks,Member of Parliament,Ya'ara Saks,Member of Parliament
561362,2023-03-27,Ya'ara Saks,Member of Parliament,1,Ya'ara Saks,Member of Parliament,Ya'ara Saks,Member of Parliament
561326,2023-03-28,Ya'ara Saks,Member of Parliament,1,Ya'ara Saks,Member of Parliament,Ya'ara Saks,Member of Parliament
561384,2023-03-28,Ya'ara Saks,Member of Parliament,1,Ya'ara Saks,Member of Parliament,Ya'ara Saks,Member of Parliament
563227,2023-04-17,Ya'ara Saks,Member of Parliament,1,Ya'ara Saks,Member of Parliament,Ya'ara Saks,Member of Parliament
564154,2023-04-17,Ya'ara Saks,Member of Parliament,1,Ya'ara Saks,Member of Parliament,Ya'ara Saks,Member of Parliament
564176,2023-04-17,Ya'ara Saks,Member of Parliament,1,Ya'ara Saks,Member of Parliament,Ya'ara Saks,Member of Parliament
563885,2023-04-18,Ya'ara Saks,Member of Parliament,1,Ya'ara Saks,Member of Parliament,Ya'ara Saks,Member of Parliament
563468,2023-04-20,Ya'ara Saks,Parliamentary Secretary,1,Ya'ara Saks,Parliamentary Secretary,Ya'ara Saks,Member of Parliament
565732,2023-04-24,Ya'ara Saks,Member of Parliament,1,Ya'ara Saks,Member of Parliament,Ya'ara Saks,Member of Parliament
578347,2023-04-26,Ya'ara Saks,Member of Parliament,1,Ya'ara Saks,Member of Parliament,Ya'ara Saks,Member of Parliament
565702,2023-04-28,Ya'ara Saks,Member of Parliament,1,Ya'ara Saks,Member of Parliament,Ya'ara Saks,Member of Parliament
589200,2023-05-01,Ya'ara Saks,Member of Parliament,1,Ya'ara Saks,Member of Parliament,Ya'ara Saks,Member of Parliament
564492,2023-05-02,Ya'ara Saks,Member of Parliament,1,Ya'ara Saks,Member of Parliament,Ya'ara Saks,Member of Parliament
570304,2023-05-03,Ya'ara Saks,Member of Parliament,1,Ya'ara Saks,Member of Parliament,Ya'ara Saks,Member of Parliament
566806,2023-05-09,Ya'ara Saks,Member of Parliament,1,Ya'ara Saks,Member of Parliament,Ya'ara Saks,Member of Parliament
568625,2023-05-09,Ya'ara Saks,Member of Parliament,1,Ya'ara Saks,Member of Parliament,Ya'ara Saks,Member of Parliament
566897,2023-05-24,Ya'ara Saks,Member of Parliament,1,Ya'ara Saks,Member of Parliament,Ya'ara Saks,Member of Parliament
568720,2023-05-24,Ya'ara Saks,Member of Parliament,1,Ya'ara Saks,Member of Parliament,Ya'ara Saks,Member of Parliament
568914,2023-05-24,Ya'ara Saks,Member of Parliament,1,Ya'ara Saks,Member of Parliament,Ya'ara Saks,Member of Parliament
567410,2023-06-05,Ya'ara Saks,Member of Parliament,1,Ya'ara Saks,Member of Parliament,Ya'ara Saks,Member of Parliament
574701,2023-06-12,Ya'ara Saks,Member of Parliament,1,Ya'ara Saks,Member of Parliament,Ya'ara Saks,Member of Parliament
571358,2023-06-20,Ya'ara Saks,Member of Parliament,1,Ya'ara Saks,Member of Parliament,Ya'ara Saks,Member of Parliament
570819,2023-06-22,Ya'ara Saks,Parliamentary Secretary,1,Ya'ara Saks,Parliamentary Secretary,Ya'ara Saks,Member of Parliament
573883,2023-07-05,Ya'ara Saks,Member of Parliament,1,Ya'ara Saks,Member of Parliament,Ya'ara Saks,Member of Parliament
575151,2023-08-16,Ya'ara Saks,"Minister, Mental Health and Addiction",1,Ya'ara Saks,"Minister, Mental Health and Addiction",Ya'ara Saks,Member of Parliament
576130,2023-08-22,Ya'ara Saks,Member of Parliament,1,Ya'ara Saks,Member of Parliament,Ya'ara Saks,Member of Parliament
579529,2023-09-11,Ya'ara Saks,"Minister, Mental Health and Addictions",1,Ya'ara Saks,"Minister, Mental Health and Addictions",Ya'ara Saks,Member of Parliament
578230,2023-09-12,Ya'ara Saks,Member of Parliament,1,Ya'ara Saks,Member of Parliament,Ya'ara Saks,Member of Parliament
578659,2023-09-12,Ya'ara Saks,"Minister, Health",1,Ya'ara Saks,"Minister, Health",Ya'ara Saks,Member of Parliament
578669,2023-09-12,Ya'ara Saks,"Minister, Health",1,Ya'ara Saks,"Minister, Health",Ya'ara Saks,Member of Parliament
578181,2023-09-21,Ya'ara Saks,"Minister, Mental Health",1,Ya'ara Saks,"Minister, Mental Health",Ya'ara Saks,Member of Parliament
577671,2023-10-04,Ya'ara Saks,Member of Parliament,1,Ya'ara Saks,Member of Parliament,Ya'ara Saks,Member of Parliament
579668,2023-10-11,Ya'ara Saks,Member of Parliament,1,Ya'ara Saks,Member of Parliament,Ya'ara Saks,Member of Parliament
579670,2023-10-12,Ya'ara Saks,Member of Parliament,1,Ya'ara Saks,Member of Parliament,Ya'ara Saks,Member of Parliament
582530,2023-10-12,Ya'ara Saks,"Minister, Health",1,Ya'ara Saks,"Minister, Health",Ya'ara Saks,Member of Parliament
582570,2023-10-12,Ya'ara Saks,"Minister, Health",1,Ya'ara Saks,"Minister, Health",Ya'ara Saks,Member of Parliament
581546,2023-10-12,Ya'ara Saks,"Minister, Mental Health and Addictions",1,Ya'ara Saks,"Minister, Mental Health and Addictions",Ya'ara Saks,Member of Parliament
589521,2023-10-18,Ya'ara Saks,"Minister, Mental Health and Addictions",1,Ya'ara Saks,"Minister, Mental Health and Addictions",Ya'ara Saks,Member of Parliament
583864,2023-10-19,Ya'ara Saks,"Minister, Mental Health and Addictions",1,Ya'ara Saks,"Minister, Mental Health and Addictions",Ya'ara Saks,Member of Parliament
586159,2023-11-02,Ya'ara Saks,"Minister, Mental Health and Addictions",1,Ya'ara Saks,"Minister, Mental Health and Addictions",Ya'ara Saks,Member of Parliament
587120,2023-11-07,Ya'ara Saks,Minister of Mental Health and Addictions | Associate Minister of Health,1,Ya'ara Saks,Minister of Mental Health and Addictions | Associate Minister of Health,Ya'ara Saks,Member of Parliament
581759,2023-11-08,Ya'ara Saks,"Minister, Mental Health and Addictions",1,Ya'ara Saks,"Minister, Mental Health and Addictions",Ya'ara Saks,Member of Parliament
587056,2023-11-09,Ya'ara Saks,Minister of Mental Health and Addictions | Associate Minister of Health,1,Ya'ara Saks,Minister of Mental Health and Addictions | Associate Minister of Health,Ya'ara Saks,Member of Parliament
587448,2023-11-21,Ya'ara Saks,"Minister, Mental Health and Addictions",1,Ya'ara Saks,"Minister, Mental Health and Addictions",Ya'ara Saks,Member of Parliament
588294,2023-11-22,Ya'ara Saks,Minister of Mental Health and Addictions | Associate Minister of Health,1,Ya'ara Saks,Minister of Mental Health and Addictions | Associate Minister of Health,Ya'ara Saks,Member of Parliament
588004,2023-11-23,Ya'ara Saks,"Minister, Mental Health and Addictions",1,Ya'ara Saks,"Minister, Mental Health and Addictions",Ya'ara Saks,Member of Parliament
588968,2023-11-27,Ya'ara Saks,"Minister, Mental Health and Addictions",1,Ya'ara Saks,"Minister, Mental Health and Addictions",Ya'ara Saks,Member of Parliament
589801,2023-12-13,Ya'ara Saks,Member of Parliament,1,Ya'ara Saks,Member of Parliament,Ya'ara Saks,Member of Parliament
589892,2023-12-19,Ya'ara Saks,Minister of Mental Health and Addictions | Associate Minister of Health,1,Ya'ara Saks,Minister of Mental Health and Addictions | Associate Minister of Health,Ya'ara Saks,Member of Parliament
593650,2024-01-15,Ya'ara Saks,Minister of Mental Health and Addictions | Associate Minister of Health,1,Ya'ara Saks,Minister of Mental Health and Addictions | Associate Minister of Health,Ya'ara Saks,Member of Parliament
592618,2024-01-31,Ya'ara Saks,Member of Parliament,1,Ya'ara Saks,Member of Parliament,Ya'ara Saks,Member of Parliament
597655,2024-02-05,Ya'ara Saks,Member of Parliament,1,Ya'ara Saks,Member of Parliament,Ya'ara Saks,Member of Parliament
596574,2024-02-05,Ya'ara Saks,Minister,1,Ya'ara Saks,Minister,Ya'ara Saks,Member of Parliament
597964,2024-02-05,Ya'ara Saks,Minister,1,Ya'ara Saks,Minister,Ya'ara Saks,Member of Parliament
596487,2024-02-05,Ya'ara Saks,Minister of Mental Health and Addictions | Associate Minister of Health,1,Ya'ara Saks,Minister of Mental Health and Addictions | Associate Minister of Health,Ya'ara Saks,Member of Parliament
597075,2024-02-05,Ya'ara Saks,Minister of Mental Health and Addictions | Associate Minister of Health,1,Ya'ara Saks,Minister of Mental Health and Addictions | Associate Minister of Health,Ya'ara Saks,Member of Parliament
593020,2024-02-07,Ya'ara Saks,Minister,1,Ya'ara Saks,Minister,Ya'ara Saks,Member of Parliament
592572,2024-02-09,Ya'ara Saks,Member of Parliament,1,Ya'ara Saks,Member of Parliament,Ya'ara Saks,Member of Parliament
593204,2024-02-12,Ya'ara Saks,Member of Parliament,1,Ya'ara Saks,Member of Parliament,Ya'ara Saks,Member of Parliament
592524,2024-02-12,Ya'ara Saks,"Minister, Mental Health and Addictions",1,Ya'ara Saks,"Minister, Mental Health and Addictions",Ya'ara Saks,Member of Parliament
593065,2024-02-13,Ya'ara Saks,"Minister, Mental Health and Addictions",1,Ya'ara Saks,"Minister, Mental Health and Addictions",Ya'ara Saks,Member of Parliament
593243,2024-02-13,Ya'ara Saks,"Minister, Mental Health and Addictions",1,Ya'ara Saks,"Minister, Mental Health and Addictions",Ya'ara Saks,Member of Parliament
597602,2024-02-28,Ya'ara Saks,"Minister, Mental Health and Addictions",1,Ya'ara Saks,"Minister, Mental Health and Addictions",Ya'ara Saks,Member of Parliament
596146,2024-02-28,Ya'ara Saks,Minister of Mental Health and Addictions | Associate Minister of Health,1,Ya'ara Saks,Minister of Mental Health and Addictions | Associate Minister of Health,Ya'ara Saks,Member of Parliament
596225,2024-02-28,Ya'ara Saks,Minister of Mental Health and Addictions | Associate Minister of Health,1,Ya'ara Saks,Minister of Mental Health and Addictions | Associate Minister of Health,Ya'ara Saks,Member of Parliament
600275,2024-03-05,Ya'ara Saks,"Minister, Mental Health and Addictions",1,Ya'ara Saks,"Minister, Mental Health and Addictions",Ya'ara Saks,Member of Parliament
599597,2024-03-19,Ya'ara Saks,Member of Parliament,1,Ya'ara Saks,Member of Parliament,Ya'ara Saks,Member of Parliament
600160,2024-03-19,Ya'ara Saks,Member of Parliament,1,Ya'ara Saks,Member of Parliament,Ya'ara Saks,Member of Parliament
604192,2024-04-08,Ya'ara Saks,Member of Parliament,1,Ya'ara Saks,Member of Parliament,Ya'ara Saks,Member of Parliament
603369,2024-04-19,Ya'ara Saks,Minister,1,Ya'ara Saks,Minister,Ya'ara Saks,Member of Parliament
602410,2024-05-07,Ya'ara Saks,Member of Parliament,1,Ya'ara Saks,Member of Parliament,Ya'ara Saks,Member of Parliament
605035,2024-05-08,Ya'ara Saks,"Minister, Health and Addictions",1,Ya'ara Saks,"Minister, Health and Addictions",Ya'ara Saks,Member of Parliament
605573,2024-05-08,Ya'ara Saks,"Minister, Mental Health and Addiction",1,Ya'ara Saks,"Minister, Mental Health and Addiction",Ya'ara Saks,Member of Parliament
605259,2024-05-16,Ya'ara Saks,Minister,1,Ya'ara Saks,Minister,Ya'ara Saks,Member of Parliament
605260,2024-05-16,Ya'ara Saks,"Minister, Mental Health and Addictions",1,Ya'ara Saks,"Minister, Mental Health and Addictions",Ya'ara Saks,Member of Parliament
608295,2024-05-21,Ya'ara Saks,"Minister, Mental Health and Addictions",1,Ya'ara Saks,"Minister, Mental Health and Addictions",Ya'ara Saks,Member of Parliament
606694,2024-05-22,Ya'ara Saks,Member of Parliament,1,Ya'ara Saks,Member of Parliament,Ya'ara Saks,Member of Parliament
605568,2024-05-23,Ya'ara Saks,"Minister, Mental Health and Addiction",1,Ya'ara Saks,"Minister, Mental Health and Addiction",Ya'ara Saks,Member of Parliament
606759,2024-05-23,Ya'ara Saks,Minister of Mental Health and Addictions | Associate Minister of Health,1,Ya'ara Saks,Minister of Mental Health and Addictions | Associate Minister of Health,Ya'ara Saks,Member of Parliament
606924,2024-05-30,Ya'ara Saks,Member of Parliament,1,Ya'ara Saks,Member of Parliament,Ya'ara Saks,Member of Parliament
610279,2024-06-11,Ya'ara Saks,Minister,1,Ya'ara Saks,Minister,Ya'ara Saks,Member of Parliament
611035,2024-06-11,Ya'ara Saks,Minister,1,Ya'ara Saks,Minister,Ya'ara Saks,Member of Parliament
613598,2024-06-20,Ya'ara Saks,Minister of Mental Health and Addictions,1,Ya'ara Saks,Minister of Mental Health and Addictions,Ya'ara Saks,Member of Parliament
613065,2024-07-06,Ya'ara Saks,Minister of Mental Health and Addictions | Associate Minister of Health,1,Ya'ara Saks,Minister of Mental Health and Addictions | Associate Minister of Health,Ya'ara Saks,Member of Parliament
613075,2024-07-06,Ya'ara Saks,Minister of Mental Health and Addictions | Associate Minister of Health,1,Ya'ara Saks,Minister of Mental Health and Addictions | Associate Minister of Health,Ya'ara Saks,Member of Parliament
611751,2024-07-11,Ya'ara Saks,Member of Parliament,1,Ya'ara Saks,Member of Parliament,Ya'ara Saks,Member of Parliament
612707,2024-07-11,Ya'ara Saks,Member of Parliament,1,Ya'ara Saks,Member of Parliament,Ya'ara Saks,Member of Parliament
612580,2024-07-11,Ya'ara Saks,Minister of Mental Health and Addictions | Associate Minister of Health,1,Ya'ara Saks,Minister of Mental Health and Addictions | Associate Minister of Health,Ya'ara Saks,Member of Parliament
613088,2024-07-30,Ya'ara Saks,Minister of Mental Health and Addictions | Associate Minister of Health,1,Ya'ara Saks,Minister of Mental Health and Addictions | Associate Minister of Health,Ya'ara Saks,Member of Parliament
613093,2024-07-30,Ya'ara Saks,Minister of Mental Health and Addictions | Associate Minister of Health,1,Ya'ara Saks,Minister of Mental Health and Addictions | Associate Minister of Health,Ya'ara Saks,Member of Parliament
613096,2024-07-30,Ya'ara Saks,Minister of Mental Health and Addictions | Associate Minister of Health,1,Ya'ara Saks,Minister of Mental Health and Addictions | Associate Minister of Health,Ya'ara Saks,Member of Parliament
613637,2024-08-06,Ya'ara Saks,Member of Parliament,1,Ya'ara Saks,Member of Parliament,Ya'ara Saks,Member of Parliament
615198,2024-08-07,Ya'ara Saks,Minister,1,Ya'ara Saks,Minister,Ya'ara Saks,Member of Parliament
614104,2024-09-05,Ya'ara Saks,"Minister, Health",1,Ya'ara Saks,"Minister, Health",Ya'ara Saks,Member of Parliament
618227,2024-09-24,Ya'ara Saks,Member of Parliament,1,Ya'ara Saks,Member of Parliament,Ya'ara Saks,Member of Parliament
616710,2024-09-24,Ya'ara Saks,Minister of Mental Health and Addictions | Associate Minister of Health,1,Ya'ara Saks,Minister of Mental Health and Addictions | Associate Minister of Health,Ya'ara Saks,Member of Parliament
616883,2024-09-24,Ya'ara Saks,Minister of Mental Health and Addictions | Associate Minister of Health,1,Ya'ara Saks,Minister of Mental Health and Addictions | Associate Minister of Health,Ya'ara Saks,Member of Parliament
622632,2024-10-08,Ya'ara Saks,Minister of Mental Health and Addictions | Associate Minister of Health,1,Ya'ara Saks,Minister of Mental Health and Addictions | Associate Minister of Health,Ya'ara Saks,Member of Parliament
622971,2024-10-08,Ya'ara Saks,Minister of Mental Health and Addictions | Associate Minister of Health,1,Ya'ara Saks,Minister of Mental Health and Addictions | Associate Minister of Health,Ya'ara Saks,Member of Parliament
622589,2024-10-09,Ya'ara Saks,Minister of Mental Health and Addictions | Associate Minister of Health,1,Ya'ara Saks,Minister of Mental Health and Addictions | Associate Minister of Health,Ya'ara Saks,Member of Parliament
622881,2024-10-09,Ya'ara Saks,Minister of Mental Health and Addictions | Associate Minister of Health,1,Ya'ara Saks,Minister of Mental Health and Addictions | Associate Minister of Health,Ya'ara Saks,Member of Parliament
617348,2024-10-10,Ya'ara Saks,"Minister, Health",1,Ya'ara Saks,"Minister, Health",Ya'ara Saks,Member of Parliament
620978,2024-10-10,Ya'ara Saks,"Minister, Mental Health and Addictions",1,Ya'ara Saks,"Minister, Mental Health and Addictions",Ya'ara Saks,Member of Parliament
621448,2024-10-10,Ya'ara Saks,"Minister, Mental Health and Addictions",1,Ya'ara Saks,"Minister, Mental Health and Addictions",Ya'ara Saks,Member of Parliament
616792,2024-10-10,Ya'ara Saks,Minister of Mental Health and Addictions and Associate Minister of Health,1,Ya'ara Saks,Minister of Mental Health and Addictions and Associate Minister of Health,Ya'ara Saks,Member of Parliament
622732,2024-10-10,Ya'ara Saks,Minister of Mental Health and Addictions | Associate Minister of Health,1,Ya'ara Saks,Minister of Mental Health and Addictions | Associate Minister of Health,Ya'ara Saks,Member of Parliament
623007,2024-10-10,Ya'ara Saks,Minister of Mental Health and Addictions | Associate Minister of Health,1,Ya'ara Saks,Minister of Mental Health and Addictions | Associate Minister of Health,Ya'ara Saks,Member of Parliament
623731,2024-10-10,Ya'ara Saks,Minister of Mental Health and Addictions | Associate Minister of Health,1,Ya'ara Saks,Minister of Mental Health and Addictions | Associate Minister of Health,Ya'ara Saks,Member of Parliament
621618,2024-10-17,Ya'ara Saks,Minister of Mental Health and Addictions | Associate Minister of Health,1,Ya'ara Saks,Minister of Mental Health and Addictions | Associate Minister of Health,Ya'ara Saks,Member of Parliament
622488,2024-10-23,Ya'ara Saks,"Minister, Addictions and Mental Health",1,Ya'ara Saks,"Minister, Addictions and Mental Health",Ya'ara Saks,Member of Parliament
622462,2024-10-24,Ya'ara Saks,"Minister, Mental Health and Addictions",1,Ya'ara Saks,"Minister, Mental Health and Addictions",Ya'ara Saks,Member of Parliament
622641,2024-10-24,Ya'ara Saks,"Minister, Mental Health and Addictions",1,Ya'ara Saks,"Minister, Mental Health and Addictions",Ya'ara Saks,Member of Parliament
622763,2024-10-24,Ya'ara Saks,"Minister, Mental Health and Addictions and Associate Minister of Health",1,Ya'ara Saks,"Minister, Mental Health and Addictions and Associate Minister of Health",Ya'ara Saks,Member of Parliament
622195,2024-10-24,Ya'ara Saks,Minister of Mental Health and Addictions | Associate Minister of Health,1,Ya'ara Saks,Minister of Mental Health and Addictions | Associate Minister of Health,Ya'ara Saks,Member of Parliament
622777,2024-10-30,Ya'ara Saks,"Minister, Mental Health and Addictions and Associate Minister of Health",1,Ya'ara Saks,"Minister, Mental Health and Addictions and Associate Minister of Health",Ya'ara Saks,Member of Parliament
627489,2024-11-04,Ya'ara Saks,Member of Parliament,1,Ya'ara Saks,Member of Parliament,Ya'ara Saks,Member of Parliament
627282,2024-11-14,Ya'ara Saks,Minister of Mental Health and Addictions and Associate Minister of Health,1,Ya'ara Saks,Minister of Mental Health and Addictions and Associate Minister of Health,Ya'ara Saks,Member of Parliament
627837,2024-11-18,Ya'ara Saks,Minister of Mental Health and Addictions | Associate Minister of Health,1,Ya'ara Saks,Minister of Mental Health and Addictions | Associate Minister of Health,Ya'ara Saks,Member of Parliament
625351,2024-11-19,Ya'ara Saks,Member of Parliament,1,Ya'ara Saks,Member of Parliament,Ya'ara Saks,Member of Parliament
625719,2024-11-19,Ya'ara Saks,"Minister, Mental Health and Addiction",1,Ya'ara Saks,"Minister, Mental Health and Addiction",Ya'ara Saks,Member of Parliament
626541,2024-11-21,Ya'ara Saks,Minister,1,Ya'ara Saks,Minister,Ya'ara Saks,Member of Parliament
625115,2024-11-27,Ya'ara Saks,"Minister, Mental Health and Addictions",1,Ya'ara Saks,"Minister, Mental Health and Addictions",Ya'ara Saks,Member of Parliament
624491,2024-11-28,Ya'ara Saks,Member of Parliament,1,Ya'ara Saks,Member of Parliament,Ya'ara Saks,Member of Parliament
624882,2024-11-28,Ya'ara Saks,"Minister, Mental Health and Addictions",1,Ya'ara Saks,"Minister, Mental Health and Addictions",Ya'ara Saks,Member of Parliament
627621,2024-11-28,Ya'ara Saks,"Minister, Mental Health and Addictions",1,Ya'ara Saks,"Minister, Mental Health and Addictions",Ya'ara Saks,Member of Parliament
629665,2024-12-03,Ya'ara Saks,Member of Parliament,1,Ya'ara Saks,Member of Parliament,Ya'ara Saks,Member of Parliament
627952,2024-12-05,Ya'ara Saks,"Minister, Mental Health and Addictions",1,Ya'ara Saks,"Minister, Mental Health and Addictions",Ya'ara Saks,Member of Parliament
625049,2024-12-09,Ya'ara Saks,"Minister, Mental Health and Addictions",1,Ya'ara Saks,"Minister, Mental Health and Addictions",Ya'ara Saks,Member of Parliament
628682,2024-12-09,Ya'ara Saks,Minister of Mental Health and Addictions | Associate Minister of Health,1,Ya'ara Saks,Minister of Mental Health and Addictions | Associate Minister of Health,Ya'ara Saks,Member of Parliament
628855,2024-12-17,Ya'ara Saks,"Minister, Mental Health and Addictions",1,Ya'ara Saks,"Minister, Mental Health and Addictions",Ya'ara Saks,Member of Parliament
629983,2025-01-17,Ya'ara Saks,Member of Parliament,1,Ya'ara Saks,Member of Parliament,Ya'ara Saks,Member of Parliament
630959,2025-01-29,Ya'ara Saks,Associate Minister of Health | Minister of Mental Health and Addictions,1,Ya'ara Saks,Associate Minister of Health | Minister of Mental Health and Addictions,Ya'ara Saks,Member of Parliament
630948,2025-01-29,Ya'ara Saks,Minister of Mental Health and Addictions | Associate Minister of Health,1,Ya'ara Saks,Minister of Mental Health and Addictions | Associate Minister of Health,Ya'ara Saks,Member of Parliament
630951,2025-01-29,Ya'ara Saks,Minister of Mental Health and Addictions | Associate Minister of Health,1,Ya'ara Saks,Minister of Mental Health and Addictions | Associate Minister of Health,Ya'ara Saks,Member of Parliament
630494,2025-01-30,Ya'ara Saks,Member of Parliament,1,Ya'ara Saks,Member of Parliament,Ya'ara Saks,Member of Parliament
631015,2025-01-30,Ya'ara Saks,Minister of Mental Health and Addictions | Associate Minister of Health,1,Ya'ara Saks,Minister of Mental Health and Addictions | Associate Minister of Health,Ya'ara Saks,Member of Parliament
631020,2025-01-30,Ya'ara Saks,Minister of Mental Health and Addictions | Associate Minister of Health,1,Ya'ara Saks,Minister of Mental Health and Addictions | Associate Minister of Health,Ya'ara Saks,Member of Parliament
632572,2025-02-04,Ya'ara Saks,Member of Parliament,1,Ya'ara Saks,Member of Parliament,Ya'ara Saks,Member of Parliament
633324,2025-02-10,Ya'ara Saks,Minister of Mental Health and Addictions | Associate Minister of Health,1,Ya'ara Saks,Minister of Mental Health and Addictions | Associate Minister of Health,Ya'ara Saks,Member of Parliament
630751,2025-02-11,Ya'ara Saks,Minister of Mental Health and Addictions | Associate Minister of Health,1,Ya'ara Saks,Minister of Mental Health and Addictions | Associate Minister of Health,Ya'ara Saks,Member of Parliament
635172,2025-03-07,Ya'ara Saks,Minister of Mental Health and Addictions | Associate Minister of Health,1,Ya'ara Saks,Minister of Mental Health and Addictions | Associate Minister of Health,Ya'ara Saks,Member of Parliament
559687,2023-02-13,Ya’ara  Saks,Member of Parliament,1,Yaara Saks,Member of Parliament,Ya'ara Saks,Member of Parliament
502528,2021-03-16,Ya’ara Saks,Member of Parliament,1,Yaara Saks,Member of Parliament,Ya'ara Saks,Member of Parliament
508241,2021-05-21,Ya’ara Saks,Member of Parliament,1,Yaara Saks,Member of Parliament,Ya'ara Saks,Member of Parliament
516783,2021-11-04,Ya’ara Saks,Deputy Minister,1,Yaara Saks,Deputy Minister,Ya'ara Saks,Member of Parliament
508843,2021-05-21,YA'ARA Saks,Member of Parliament,1,Ya'ara Saks,Member of Parliament,Ya'ara Saks,Member of Parliament
553309,2022-11-10,YA'ARA Saks,Member of Parliament,1,Ya'ara Saks,Member of Parliament,Ya'ara Saks,Member of Parliament
480955,2020-08-20,Yad Bhuller,"Acting Director General, Health Evaluation Directorate",1,Yad Bhuller,"Acting Director General, Health Evaluation Directorate",Yad Bhuller,"Acting Director General, Health Evaluation Directorate"
325409,2014-05-15,yaelle gang,Special Assistant,1,Yaelle Gang,Special Assistant,Yaelle Gang,"Special Assistant, Policy and Communications"
273264,2013-04-26,Yaelle Gang,Executive Assistant,1,Yaelle Gang,Executive Assistant,Yaelle Gang,"Special Assistant, Policy and Communications"
279694,2013-06-10,Yaelle Gang,Legislative Assistant,1,Yaelle Gang,Legislative Assistant,Yaelle Gang,"Special Assistant, Policy and Communications"
296112,2013-09-26,Yaelle Gang,Policy Advisor,1,Yaelle Gang,Policy Advisor,Yaelle Gang,"Special Assistant, Policy and Communications"
304474,2013-10-17,Yaelle Gang,"Special Assistant, Policy and Communications",1,Yaelle Gang,"Special Assistant, Policy and Communications",Yaelle Gang,"Special Assistant, Policy and Communications"
298669,2013-10-24,Yaelle Gang,Policy and Communications,1,Yaelle Gang,Policy and Communications,Yaelle Gang,"Special Assistant, Policy and Communications"
300269,2013-10-24,Yaelle Gang,Policy and Communications Assistant,1,Yaelle Gang,Policy and Communications Assistant,Yaelle Gang,"Special Assistant, Policy and Communications"
302550,2013-10-28,Yaelle Gang,"Special Assistant, Policy and Communications",1,Yaelle Gang,"Special Assistant, Policy and Communications",Yaelle Gang,"Special Assistant, Policy and Communications"
309876,2013-11-14,Yaelle Gang,"Special Assistant, Policy and Communication",1,Yaelle Gang,"Special Assistant, Policy and Communication",Yaelle Gang,"Special Assistant, Policy and Communications"
305689,2013-11-19,Yaelle Gang,"Assistant to the Minister of State, Finance",1,Yaelle Gang,"Assistant to the Minister of State, Finance",Yaelle Gang,"Special Assistant, Policy and Communications"
309934,2013-11-26,Yaelle Gang,"Special Assistant, Policy and Communications",1,Yaelle Gang,"Special Assistant, Policy and Communications",Yaelle Gang,"Special Assistant, Policy and Communications"
309945,2013-11-28,Yaelle Gang,Policy Advisor,1,Yaelle Gang,Policy Advisor,Yaelle Gang,"Special Assistant, Policy and Communications"
311809,2013-12-02,Yaelle Gang,Policy Advisor,1,Yaelle Gang,Policy Advisor,Yaelle Gang,"Special Assistant, Policy and Communications"
312923,2013-12-03,Yaelle Gang,Policy Advisor,1,Yaelle Gang,Policy Advisor,Yaelle Gang,"Special Assistant, Policy and Communications"
312931,2013-12-18,Yaelle Gang,Policy Advisor,1,Yaelle Gang,Policy Advisor,Yaelle Gang,"Special Assistant, Policy and Communications"
315911,2014-01-13,Yaelle Gang,"Special Assistant, Policy and Communications",1,Yaelle Gang,"Special Assistant, Policy and Communications",Yaelle Gang,"Special Assistant, Policy and Communications"
313793,2014-01-17,Yaelle Gang,Assistant to the Hon.,1,Yaelle Gang,Assistant to the Hon.,Yaelle Gang,"Special Assistant, Policy and Communications"
315754,2014-01-17,Yaelle Gang,Policy Advisor,1,Yaelle Gang,Policy Advisor,Yaelle Gang,"Special Assistant, Policy and Communications"
315915,2014-01-17,Yaelle Gang,"Special Assistant, Policy and Communications",1,Yaelle Gang,"Special Assistant, Policy and Communications",Yaelle Gang,"Special Assistant, Policy and Communications"
315917,2014-01-19,Yaelle Gang,"Special Assistant, Policy and Communications",1,Yaelle Gang,"Special Assistant, Policy and Communications",Yaelle Gang,"Special Assistant, Policy and Communications"
315947,2014-01-21,Yaelle Gang,"Special Assistant, Policy and Communications",1,Yaelle Gang,"Special Assistant, Policy and Communications",Yaelle Gang,"Special Assistant, Policy and Communications"
316849,2014-01-21,Yaelle Gang,"Special Assistant, Policy and Communications",1,Yaelle Gang,"Special Assistant, Policy and Communications",Yaelle Gang,"Special Assistant, Policy and Communications"
315756,2014-01-27,Yaelle Gang,Policy Advisor,1,Yaelle Gang,Policy Advisor,Yaelle Gang,"Special Assistant, Policy and Communications"
315757,2014-01-28,Yaelle Gang,Policy Advisor,1,Yaelle Gang,Policy Advisor,Yaelle Gang,"Special Assistant, Policy and Communications"
318799,2014-02-07,Yaelle Gang,Policy Advisor,1,Yaelle Gang,Policy Advisor,Yaelle Gang,"Special Assistant, Policy and Communications"
319149,2014-02-14,Yaelle Gang,"Special Assistant, Policy and Communications",1,Yaelle Gang,"Special Assistant, Policy and Communications",Yaelle Gang,"Special Assistant, Policy and Communications"
318802,2014-02-24,Yaelle Gang,Policy Advisor,1,Yaelle Gang,Policy Advisor,Yaelle Gang,"Special Assistant, Policy and Communications"
318189,2014-03-04,Yaelle Gang,Special Assistant,1,Yaelle Gang,Special Assistant,Yaelle Gang,"Special Assistant, Policy and Communications"
319969,2014-03-04,Yaelle Gang,"Special Assistant, Policy and Communications",1,Yaelle Gang,"Special Assistant, Policy and Communications",Yaelle Gang,"Special Assistant, Policy and Communications"
318832,2014-03-05,Yaelle Gang,"Special Assistant, Policy and Communications",1,Yaelle Gang,"Special Assistant, Policy and Communications",Yaelle Gang,"Special Assistant, Policy and Communications"
321761,2014-03-05,Yaelle Gang,"Special Assistant, Policy and Communications",1,Yaelle Gang,"Special Assistant, Policy and Communications",Yaelle Gang,"Special Assistant, Policy and Communications"
321903,2014-03-05,Yaelle Gang,"Special Assistant, Policy and Communications",1,Yaelle Gang,"Special Assistant, Policy and Communications",Yaelle Gang,"Special Assistant, Policy and Communications"
322337,2014-03-07,Yaelle Gang,Special Advisor,1,Yaelle Gang,Special Advisor,Yaelle Gang,"Special Assistant, Policy and Communications"
324663,2014-04-02,Yaelle Gang,Policy Advisor,1,Yaelle Gang,Policy Advisor,Yaelle Gang,"Special Assistant, Policy and Communications"
325088,2014-04-03,Yaelle Gang,"Special Assistant, Policy and Communications",1,Yaelle Gang,"Special Assistant, Policy and Communications",Yaelle Gang,"Special Assistant, Policy and Communications"
324461,2014-04-09,Yaelle Gang,Policy Advisor,1,Yaelle Gang,Policy Advisor,Yaelle Gang,"Special Assistant, Policy and Communications"
324670,2014-04-09,Yaelle Gang,Policy Advisor,1,Yaelle Gang,Policy Advisor,Yaelle Gang,"Special Assistant, Policy and Communications"
325042,2014-04-09,Yaelle Gang,Policy Advisor,1,Yaelle Gang,Policy Advisor,Yaelle Gang,"Special Assistant, Policy and Communications"
325055,2014-04-09,Yaelle Gang,Policy Advisor,1,Yaelle Gang,Policy Advisor,Yaelle Gang,"Special Assistant, Policy and Communications"
325126,2014-04-09,Yaelle Gang,"Special Assistant, Policy",1,Yaelle Gang,"Special Assistant, Policy",Yaelle Gang,"Special Assistant, Policy and Communications"
324442,2014-04-09,Yaelle Gang,"Special Assistant, Policy and Communications",1,Yaelle Gang,"Special Assistant, Policy and Communications",Yaelle Gang,"Special Assistant, Policy and Communications"
324447,2014-04-09,Yaelle Gang,"Special Assistant, Policy and Communications",1,Yaelle Gang,"Special Assistant, Policy and Communications",Yaelle Gang,"Special Assistant, Policy and Communications"
325017,2014-04-09,Yaelle Gang,"Special Assistant, Policy and Communications",1,Yaelle Gang,"Special Assistant, Policy and Communications",Yaelle Gang,"Special Assistant, Policy and Communications"
324886,2014-04-17,Yaelle Gang,"Special Assistant, Policy and Communications",1,Yaelle Gang,"Special Assistant, Policy and Communications",Yaelle Gang,"Special Assistant, Policy and Communications"
325095,2014-04-23,Yaelle Gang,"Special Assistant, Policy and Communications",1,Yaelle Gang,"Special Assistant, Policy and Communications",Yaelle Gang,"Special Assistant, Policy and Communications"
327234,2014-05-02,Yaelle Gang,Policy Advisor,1,Yaelle Gang,Policy Advisor,Yaelle Gang,"Special Assistant, Policy and Communications"
327237,2014-05-02,Yaelle Gang,Policy Advisor,1,Yaelle Gang,Policy Advisor,Yaelle Gang,"Special Assistant, Policy and Communications"
325129,2014-05-09,Yaelle Gang,"Special Assistant, Policy and Communications",1,Yaelle Gang,"Special Assistant, Policy and Communications",Yaelle Gang,"Special Assistant, Policy and Communications"
326413,2014-05-12,Yaelle Gang,"Special Assistant, Policy and Communications",1,Yaelle Gang,"Special Assistant, Policy and Communications",Yaelle Gang,"Special Assistant, Policy and Communications"
327233,2014-05-12,Yaelle Gang,"Special Assistant, Policy and Communications",1,Yaelle Gang,"Special Assistant, Policy and Communications",Yaelle Gang,"Special Assistant, Policy and Communications"
327878,2014-05-27,Yaelle Gang,Special Advisor,1,Yaelle Gang,Special Advisor,Yaelle Gang,"Special Assistant, Policy and Communications"
330203,2014-06-02,Yaelle Gang,"Special Assistant, Policy and Communications",1,Yaelle Gang,"Special Assistant, Policy and Communications",Yaelle Gang,"Special Assistant, Policy and Communications"
331171,2014-07-09,Yaelle Gang,"Special Assistant, Policy and Communications",1,Yaelle Gang,"Special Assistant, Policy and Communications",Yaelle Gang,"Special Assistant, Policy and Communications"
330345,2014-07-11,Yaelle Gang,"Policy Advisor, Office of the Minister of State for Finance",1,Yaelle Gang,"Policy Advisor, Office of the Minister of State for Finance",Yaelle Gang,"Special Assistant, Policy and Communications"
330569,2014-07-23,Yaelle Gang,"Special Assistant, Policy and Communications",1,Yaelle Gang,"Special Assistant, Policy and Communications",Yaelle Gang,"Special Assistant, Policy and Communications"
330571,2014-07-23,Yaelle Gang,"Special Assistant, Policy and Communications",1,Yaelle Gang,"Special Assistant, Policy and Communications",Yaelle Gang,"Special Assistant, Policy and Communications"
331938,2014-08-19,Yaelle Gang,Chief of Staff,1,Yaelle Gang,Chief of Staff,Yaelle Gang,"Special Assistant, Policy and Communications"
335358,2014-09-16,Yaelle Gang,Policy Advisor,1,Yaelle Gang,Policy Advisor,Yaelle Gang,"Special Assistant, Policy and Communications"
333873,2014-09-16,Yaelle Gang,"Special Assistant, Policy and Communications",1,Yaelle Gang,"Special Assistant, Policy and Communications",Yaelle Gang,"Special Assistant, Policy and Communications"
333875,2014-09-16,Yaelle Gang,"Special Assistant, Policy and Communications",1,Yaelle Gang,"Special Assistant, Policy and Communications",Yaelle Gang,"Special Assistant, Policy and Communications"
334310,2014-09-22,Yaelle Gang,"Special Assistant, Policy and Communications",1,Yaelle Gang,"Special Assistant, Policy and Communications",Yaelle Gang,"Special Assistant, Policy and Communications"
334989,2014-10-07,Yaelle Gang,"Special Assistant, Policy Communications",1,Yaelle Gang,"Special Assistant, Policy Communications",Yaelle Gang,"Special Assistant, Policy and Communications"
336402,2014-10-14,Yaelle Gang,Policy Advisor,1,Yaelle Gang,Policy Advisor,Yaelle Gang,"Special Assistant, Policy and Communications"
337131,2014-10-30,Yaelle Gang,Policy Advisor,1,Yaelle Gang,Policy Advisor,Yaelle Gang,"Special Assistant, Policy and Communications"
337474,2014-11-04,Yaelle Gang,Policy Advisor,1,Yaelle Gang,Policy Advisor,Yaelle Gang,"Special Assistant, Policy and Communications"
338530,2014-11-04,Yaelle Gang,"Special Assistant, Policy and Communications",1,Yaelle Gang,"Special Assistant, Policy and Communications",Yaelle Gang,"Special Assistant, Policy and Communications"
341434,2014-11-04,Yaelle Gang,"Special Assistant, Policy and Communications",1,Yaelle Gang,"Special Assistant, Policy and Communications",Yaelle Gang,"Special Assistant, Policy and Communications"
337475,2014-11-05,Yaelle Gang,Policy Advisor,1,Yaelle Gang,Policy Advisor,Yaelle Gang,"Special Assistant, Policy and Communications"
338945,2014-11-13,Yaelle Gang,"Special Assistant, Policy and Communications",1,Yaelle Gang,"Special Assistant, Policy and Communications",Yaelle Gang,"Special Assistant, Policy and Communications"
342013,2014-11-18,Yaelle Gang,"Special Assistant, Policy and Communications",1,Yaelle Gang,"Special Assistant, Policy and Communications",Yaelle Gang,"Special Assistant, Policy and Communications"
339709,2014-11-28,Yaelle Gang,Policy Advisor,1,Yaelle Gang,Policy Advisor,Yaelle Gang,"Special Assistant, Policy and Communications"
342373,2014-12-08,Yaelle Gang,Senior Policy Advisor,1,Yaelle Gang,Senior Policy Advisor,Yaelle Gang,"Special Assistant, Policy and Communications"
342958,2014-12-22,Yaelle Gang,"Special Assistant, Policy and Communications",1,Yaelle Gang,"Special Assistant, Policy and Communications",Yaelle Gang,"Special Assistant, Policy and Communications"
343437,2015-01-09,Yaelle Gang,Policy Advisor,1,Yaelle Gang,Policy Advisor,Yaelle Gang,"Special Assistant, Policy and Communications"
347457,2015-01-26,Yaelle Gang,"Special Assistant, Policy and Communications",1,Yaelle Gang,"Special Assistant, Policy and Communications",Yaelle Gang,"Special Assistant, Policy and Communications"
348841,2015-02-04,Yaelle Gang,"Special Assistant, Policy and Communications",1,Yaelle Gang,"Special Assistant, Policy and Communications",Yaelle Gang,"Special Assistant, Policy and Communications"
347998,2015-02-17,Yaelle Gang,Policy Advisor,1,Yaelle Gang,Policy Advisor,Yaelle Gang,"Special Assistant, Policy and Communications"
348529,2015-03-06,Yaelle Gang,Policy Advisor,1,Yaelle Gang,Policy Advisor,Yaelle Gang,"Special Assistant, Policy and Communications"
351081,2015-03-26,Yaelle Gang,"Special Assistant, Policy and Communications",1,Yaelle Gang,"Special Assistant, Policy and Communications",Yaelle Gang,"Special Assistant, Policy and Communications"
354005,2015-04-23,Yaelle Gang,Policy Advisor,1,Yaelle Gang,Policy Advisor,Yaelle Gang,"Special Assistant, Policy and Communications"
353745,2015-04-24,Yaelle Gang,"Special Assistant, Policy and Communications",1,Yaelle Gang,"Special Assistant, Policy and Communications",Yaelle Gang,"Special Assistant, Policy and Communications"
352544,2015-04-30,Yaelle Gang,"Special Assistant, Policy and Communications",1,Yaelle Gang,"Special Assistant, Policy and Communications",Yaelle Gang,"Special Assistant, Policy and Communications"
278022,2013-06-06,Yaelle Gange,Legislative Assistant,1,Yaelle Gange,Legislative Assistant,Yaelle Gange,Executive Assistant
296852,2013-09-20,Yaelle Gange,Executive Assistant,1,Yaelle Gange,Executive Assistant,Yaelle Gange,Executive Assistant
312863,2013-12-02,Yaelle Sang,Policy Advisor,1,Yaelle Sang,Policy Advisor,Yaelle Sang,Policy Advisor
575393,2023-08-21,Yahya Alikhan,Member of Parliament,1,Yahya Alikhan,Member of Parliament,Yahya Alikhan,Legislative Assistant
583796,2023-10-12,Yahya Alikhan,Legislative Assistant,1,Yahya Alikhan,Legislative Assistant,Yahya Alikhan,Legislative Assistant
593903,2024-02-09,Yahya Alikhan,Legislative Assistant,1,Yahya Alikhan,Legislative Assistant,Yahya Alikhan,Legislative Assistant
170538,2011-03-08,Yakabuski John,Member of Parliament,1,Yakabuski John,Member of Parliament,Yakabuski John,Member of Parliament
450731,2019-04-23,Yamirka Gomez,Assistant to the Director General,1,Yamirka Gomez,Assistant to the Director General,Yamirka Gomez,Assistant to the Director General
531998,2022-04-29,Yana  Almer,Executive Assistant,1,Yana Almer,Executive Assistant,Yana Almer,Executive Assistant
488484,2020-11-17,Yana Almer,Administrative Assistant,1,Yana Almer,Administrative Assistant,Yana Almer,Executive Assistant
521356,2022-01-14,Yana Almer,Staffer to Senator,1,Yana Almer,Staffer to Senator,Yana Almer,Executive Assistant
568719,2023-05-24,Yana Almer,Executive Assistant,1,Yana Almer,Executive Assistant,Yana Almer,Executive Assistant
578802,2023-09-26,Yana Almer,Executive Assistant,1,Yana Almer,Executive Assistant,Yana Almer,Executive Assistant
578866,2023-09-26,Yana Almer,Executive Assistant,1,Yana Almer,Executive Assistant,Yana Almer,Executive Assistant
579107,2023-09-26,Yana Almer,Executive Assistant,1,Yana Almer,Executive Assistant,Yana Almer,Executive Assistant
583474,2023-10-31,Yana Almer,Executive Assistant,1,Yana Almer,Executive Assistant,Yana Almer,Executive Assistant
588162,2023-12-07,Yana Almer,Executive Assistant,1,Yana Almer,Executive Assistant,Yana Almer,Executive Assistant
632014,2025-02-25,Yana Almer,Executive Assistant,1,Yana Almer,Executive Assistant,Yana Almer,Executive Assistant
375903,2016-04-12,Yana Lukasheh,Parliamentary Affairs Advisor,1,Yana Lukasheh,Parliamentary Affairs Advisor,Yana Lukasheh,Parliamentary Affairs Advisor
376157,2016-05-10,Yana Lukasheh,Parliamentary Affairs Advisor,1,Yana Lukasheh,Parliamentary Affairs Advisor,Yana Lukasheh,Parliamentary Affairs Advisor
393182,2017-01-17,Yana Lukasheh,Parliamentary Affairs Advisor,1,Yana Lukasheh,Parliamentary Affairs Advisor,Yana Lukasheh,Parliamentary Affairs Advisor
395836,2017-03-09,Yana Lukasheh,Legislative Assistant,1,Yana Lukasheh,Legislative Assistant,Yana Lukasheh,Parliamentary Affairs Advisor
401312,2017-05-18,Yana Lukasheh,Parliamentary Affairs Advisor,1,Yana Lukasheh,Parliamentary Affairs Advisor,Yana Lukasheh,Parliamentary Affairs Advisor
623000,2024-10-29,Yana Titarenko,Director of Communications,1,Yana Titarenko,Director of Communications,Yana Titarenko,Director of Communications
309597,2013-11-29,Yanelle Gang,Policy Advisor,1,Yanelle Gang,Policy Advisor,Yaelle Sang,Policy Advisor
632583,2025-02-24,Yaneth Mahecha Bolanos,Policy Analyst,1,Yaneth Mahecha Bolanos,Policy Analyst,Yaneth Mahecha Bolanos,Policy Analyst
429749,2018-06-19,Yan Foucher,Policy Advisor,1,Yan Foucher,Policy Advisor,Yan Foucher,Policy Advisor
430271,2018-06-19,Yan Foucher,Policy Advisor,1,Yan Foucher,Policy Advisor,Yan Foucher,Policy Advisor
594190,2024-02-16,Yan Foucher,Chief of Staff,1,Yan Foucher,Chief of Staff,Yan Foucher,Policy Advisor
116135,2009-07-09,Yanick Clement-Godbout,"Senior Program Manager, Retrofit Assessments",1,Yanick Clement-godbout,"Senior Program Manager, Retrofit Assessments",Yanick Clement-godbout,"Senior Program Manager, Retrofit Assessments"
116141,2009-07-28,Yanick Clement-Godbout,"Senior Program Manager, Retrofit Assessments",1,Yanick Clement-godbout,"Senior Program Manager, Retrofit Assessments",Yanick Clement-godbout,"Senior Program Manager, Retrofit Assessments"
116145,2009-07-30,Yanick Clement-Godbout,"Senior Program Manager, Retrofit Assessments",1,Yanick Clement-godbout,"Senior Program Manager, Retrofit Assessments",Yanick Clement-godbout,"Senior Program Manager, Retrofit Assessments"
438870,2018-10-03,Yanick Clément-Godbout,Manager,1,Yanick Clement-godbout,Manager,Yanick Clement-godbout,"Senior Program Manager, Retrofit Assessments"
80451,2008-08-20,Yanick Gauthier,Emploi-Québec,1,Yanick Gauthier,Emploi-Québec,Yanick Gauthier,Advisor
80452,2008-08-27,Yanick Gauthier,Advisor,1,Yanick Gauthier,Advisor,Yanick Gauthier,Advisor
391264,2016-12-08,Yanick Williams,Policy Advisor,1,Yanick Williams,Policy Advisor,Yanick Williams,Policy Advisor
375200,2016-04-20,yanique williams,"Policy Advisor, Ontario Affairs",1,Yanique Williams,"Policy Advisor, Ontario Affairs",Yanique Williams,Policy Advisor
376190,2016-04-12,Yanique Williams,Policy Advisor,1,Yanique Williams,Policy Advisor,Yanique Williams,Policy Advisor
374705,2016-04-12,Yanique Williams,"Policy Advisor, Ontario Affairs",1,Yanique Williams,"Policy Advisor, Ontario Affairs",Yanique Williams,Policy Advisor
375665,2016-04-20,Yanique Williams,Policy Advisor,1,Yanique Williams,Policy Advisor,Yanique Williams,Policy Advisor
376017,2016-04-27,Yanique Williams,Policy Advisor,1,Yanique Williams,Policy Advisor,Yanique Williams,Policy Advisor
377756,2016-05-03,Yanique Williams,Policy Advisor,1,Yanique Williams,Policy Advisor,Yanique Williams,Policy Advisor
377803,2016-05-04,Yanique Williams,Policy Advisor,1,Yanique Williams,Policy Advisor,Yanique Williams,Policy Advisor
379511,2016-05-05,Yanique Williams,"Special Assistant, Ontario Desk",1,Yanique Williams,"Special Assistant, Ontario Desk",Yanique Williams,Policy Advisor
379596,2016-05-19,Yanique Williams,Policy Advisor,1,Yanique Williams,Policy Advisor,Yanique Williams,Policy Advisor
377831,2016-05-26,Yanique Williams,Policy Advisor,1,Yanique Williams,Policy Advisor,Yanique Williams,Policy Advisor
378021,2016-05-31,Yanique Williams,Policy Advisor,1,Yanique Williams,Policy Advisor,Yanique Williams,Policy Advisor
378022,2016-06-01,Yanique Williams,Policy Advisor,1,Yanique Williams,Policy Advisor,Yanique Williams,Policy Advisor
380090,2016-06-02,Yanique Williams,Policy Advisor,1,Yanique Williams,Policy Advisor,Yanique Williams,Policy Advisor
378511,2016-06-07,Yanique Williams,"Policy Advisor, Ontario Affairs",1,Yanique Williams,"Policy Advisor, Ontario Affairs",Yanique Williams,Policy Advisor
381568,2016-06-09,Yanique Williams,Policy Advisor and Ontario Regional Advisor,1,Yanique Williams,Policy Advisor and Ontario Regional Advisor,Yanique Williams,Policy Advisor
382086,2016-07-13,Yanique Williams,Policy Advisor,1,Yanique Williams,Policy Advisor,Yanique Williams,Policy Advisor
382364,2016-07-13,Yanique Williams,Policy Advisor,1,Yanique Williams,Policy Advisor,Yanique Williams,Policy Advisor
382371,2016-07-13,Yanique Williams,Policy Advisor,1,Yanique Williams,Policy Advisor,Yanique Williams,Policy Advisor
382111,2016-07-14,Yanique Williams,Policy Advisor,1,Yanique Williams,Policy Advisor,Yanique Williams,Policy Advisor
382112,2016-07-17,Yanique Williams,Policy Advisor,1,Yanique Williams,Policy Advisor,Yanique Williams,Policy Advisor
382113,2016-07-25,Yanique Williams,Policy Advisor,1,Yanique Williams,Policy Advisor,Yanique Williams,Policy Advisor
382114,2016-07-27,Yanique Williams,Policy Advisor,1,Yanique Williams,Policy Advisor,Yanique Williams,Policy Advisor
383323,2016-08-08,Yanique Williams,Policy Advisor,1,Yanique Williams,Policy Advisor,Yanique Williams,Policy Advisor
383398,2016-08-08,Yanique Williams,Policy Advisor,1,Yanique Williams,Policy Advisor,Yanique Williams,Policy Advisor
383884,2016-08-24,Yanique Williams,Policy Advisor,1,Yanique Williams,Policy Advisor,Yanique Williams,Policy Advisor
383897,2016-09-13,Yanique Williams,Policy Advisor,1,Yanique Williams,Policy Advisor,Yanique Williams,Policy Advisor
384421,2016-09-16,Yanique Williams,Policy Advisor,1,Yanique Williams,Policy Advisor,Yanique Williams,Policy Advisor
384422,2016-09-19,Yanique Williams,Policy Advisor,1,Yanique Williams,Policy Advisor,Yanique Williams,Policy Advisor
384553,2016-09-21,Yanique Williams,Special Assistant,1,Yanique Williams,Special Assistant,Yanique Williams,Policy Advisor
385789,2016-09-23,Yanique Williams,Special Assistant,1,Yanique Williams,Special Assistant,Yanique Williams,Policy Advisor
384423,2016-09-28,Yanique Williams,Policy Advisor,1,Yanique Williams,Policy Advisor,Yanique Williams,Policy Advisor
388172,2016-10-20,Yanique Williams,Special Assistant,1,Yanique Williams,Special Assistant,Yanique Williams,Policy Advisor
386512,2016-10-27,Yanique Williams,Policy Advisor,1,Yanique Williams,Policy Advisor,Yanique Williams,Policy Advisor
389705,2016-11-02,Yanique Williams,Policy Advisor,1,Yanique Williams,Policy Advisor,Yanique Williams,Policy Advisor
391635,2016-11-04,Yanique Williams,Senior Policy Advisor,1,Yanique Williams,Senior Policy Advisor,Yanique Williams,Policy Advisor
391640,2016-11-17,Yanique Williams,Senior Policy Advisor,1,Yanique Williams,Senior Policy Advisor,Yanique Williams,Policy Advisor
391647,2016-11-23,Yanique Williams,Senior Policy Advisor,1,Yanique Williams,Senior Policy Advisor,Yanique Williams,Policy Advisor
391652,2016-11-24,Yanique Williams,Senior Policy Advisor,1,Yanique Williams,Senior Policy Advisor,Yanique Williams,Policy Advisor
389841,2016-11-29,Yanique Williams,Policy Advisor,1,Yanique Williams,Policy Advisor,Yanique Williams,Policy Advisor
391662,2016-11-29,Yanique Williams,Senior Policy Advisor,1,Yanique Williams,Senior Policy Advisor,Yanique Williams,Policy Advisor
393018,2016-12-07,Yanique Williams,Senior Policy Advisor,1,Yanique Williams,Senior Policy Advisor,Yanique Williams,Policy Advisor
392076,2016-12-08,Yanique Williams,Policy Advisor,1,Yanique Williams,Policy Advisor,Yanique Williams,Policy Advisor
391793,2016-12-15,Yanique Williams,Policy Advisor,1,Yanique Williams,Policy Advisor,Yanique Williams,Policy Advisor
392167,2016-12-15,Yanique Williams,Policy Advisor,1,Yanique Williams,Policy Advisor,Yanique Williams,Policy Advisor
392001,2016-12-19,Yanique Williams,"Senior Policy Advisor, Office of the Minister of Small Business and Tourism",1,Yanique Williams,"Senior Policy Advisor, Office of the Minister of Small Business and Tourism",Yanique Williams,Policy Advisor
394416,2017-01-24,Yanique Williams,Policy Advisor,1,Yanique Williams,Policy Advisor,Yanique Williams,Policy Advisor
395624,2017-02-07,Yanique Williams,Policy Advisor,1,Yanique Williams,Policy Advisor,Yanique Williams,Policy Advisor
394741,2017-02-13,Yanique Williams,Policy Advisor,1,Yanique Williams,Policy Advisor,Yanique Williams,Policy Advisor
395423,2017-02-13,Yanique Williams,Policy Advisor,1,Yanique Williams,Policy Advisor,Yanique Williams,Policy Advisor
398257,2017-03-01,Yanique Williams,Policy Advisor,1,Yanique Williams,Policy Advisor,Yanique Williams,Policy Advisor
396110,2017-03-13,Yanique Williams,Policy Advisor,1,Yanique Williams,Policy Advisor,Yanique Williams,Policy Advisor
399898,2017-04-25,Yanique Williams,Policy Advisor,1,Yanique Williams,Policy Advisor,Yanique Williams,Policy Advisor
405680,2017-06-20,Yanique Williams,"Minister, International Trade",1,Yanique Williams,"Minister, International Trade",Yanique Williams,Policy Advisor
405894,2017-06-20,Yanique Williams,Policy Advisor,1,Yanique Williams,Policy Advisor,Yanique Williams,Policy Advisor
405861,2017-07-12,Yanique Williams,Policy Advisor,1,Yanique Williams,Policy Advisor,Yanique Williams,Policy Advisor
406050,2017-07-12,Yanique Williams,Policy Advisor to Minister,1,Yanique Williams,Policy Advisor to Minister,Yanique Williams,Policy Advisor
406051,2017-07-12,Yanique Williams,Policy Advisor to Minister,1,Yanique Williams,Policy Advisor to Minister,Yanique Williams,Policy Advisor
406458,2017-07-17,Yanique Williams,Policy Advisor,1,Yanique Williams,Policy Advisor,Yanique Williams,Policy Advisor
406849,2017-07-27,Yanique Williams,Policy Advisor,1,Yanique Williams,Policy Advisor,Yanique Williams,Policy Advisor
407897,2017-08-10,Yanique Williams,Policy Advisor,1,Yanique Williams,Policy Advisor,Yanique Williams,Policy Advisor
407505,2017-08-24,Yanique Williams,Policy Advisor,1,Yanique Williams,Policy Advisor,Yanique Williams,Policy Advisor
407147,2017-08-28,Yanique Williams,Policy Advisor,1,Yanique Williams,Policy Advisor,Yanique Williams,Policy Advisor
407578,2017-09-08,Yanique Williams,Policy Advisor,1,Yanique Williams,Policy Advisor,Yanique Williams,Policy Advisor
409460,2017-09-21,Yanique Williams,Policy Advisor,1,Yanique Williams,Policy Advisor,Yanique Williams,Policy Advisor
410297,2017-10-03,Yanique Williams,Policy Advisor,1,Yanique Williams,Policy Advisor,Yanique Williams,Policy Advisor
410431,2017-10-17,Yanique Williams,Policy Advisor,1,Yanique Williams,Policy Advisor,Yanique Williams,Policy Advisor
412211,2017-10-17,Yanique Williams,Policy Advisor,1,Yanique Williams,Policy Advisor,Yanique Williams,Policy Advisor
412361,2017-10-17,Yanique Williams,Policy Advisor,1,Yanique Williams,Policy Advisor,Yanique Williams,Policy Advisor
413688,2017-10-18,Yanique Williams,Policy Advisor,1,Yanique Williams,Policy Advisor,Yanique Williams,Policy Advisor
411170,2017-10-26,Yanique Williams,Policy Advisor,1,Yanique Williams,Policy Advisor,Yanique Williams,Policy Advisor
411761,2017-10-26,Yanique Williams,Policy Advisor,1,Yanique Williams,Policy Advisor,Yanique Williams,Policy Advisor
411687,2017-11-08,Yanique Williams,"Exempt Staff, Policy",1,Yanique Williams,"Exempt Staff, Policy",Yanique Williams,Policy Advisor
416154,2017-11-08,Yanique Williams,Policy Advisor,1,Yanique Williams,Policy Advisor,Yanique Williams,Policy Advisor
416444,2017-11-08,Yanique Williams,Policy Advisor,1,Yanique Williams,Policy Advisor,Yanique Williams,Policy Advisor
414201,2017-11-24,Yanique Williams,Policy Advisor,1,Yanique Williams,Policy Advisor,Yanique Williams,Policy Advisor
416982,2017-11-24,Yanique Williams,Policy Advisor,1,Yanique Williams,Policy Advisor,Yanique Williams,Policy Advisor
416160,2017-11-27,Yanique Williams,Policy Advisor,1,Yanique Williams,Policy Advisor,Yanique Williams,Policy Advisor
417647,2017-12-11,Yanique Williams,Policy Advisor,1,Yanique Williams,Policy Advisor,Yanique Williams,Policy Advisor
417776,2017-12-12,Yanique Williams,Policy Advisor,1,Yanique Williams,Policy Advisor,Yanique Williams,Policy Advisor
417996,2017-12-12,Yanique Williams,"Policy Advisor, Office of the Minister of International Trade",1,Yanique Williams,"Policy Advisor, Office of the Minister of International Trade",Yanique Williams,Policy Advisor
417791,2017-12-14,Yanique Williams,Policy Advisor,1,Yanique Williams,Policy Advisor,Yanique Williams,Policy Advisor
417607,2017-12-19,Yanique Williams,Policy Advisor,1,Yanique Williams,Policy Advisor,Yanique Williams,Policy Advisor
418298,2018-01-09,Yanique Williams,Policy Advisor,1,Yanique Williams,Policy Advisor,Yanique Williams,Policy Advisor
419059,2018-01-09,Yanique Williams,Policy Advisor,1,Yanique Williams,Policy Advisor,Yanique Williams,Policy Advisor
418541,2018-01-26,Yanique Williams,Policy Advisor,1,Yanique Williams,Policy Advisor,Yanique Williams,Policy Advisor
421538,2018-02-05,Yanique Williams,Director of Policy,1,Yanique Williams,Director of Policy,Yanique Williams,Policy Advisor
421827,2018-02-06,Yanique Williams,Policy Advisor,1,Yanique Williams,Policy Advisor,Yanique Williams,Policy Advisor
422249,2018-02-14,Yanique Williams,Policy Advisor,1,Yanique Williams,Policy Advisor,Yanique Williams,Policy Advisor
421199,2018-02-26,Yanique Williams,Policy Advisor,1,Yanique Williams,Policy Advisor,Yanique Williams,Policy Advisor
423876,2018-03-02,Yanique Williams,Policy Advisor,1,Yanique Williams,Policy Advisor,Yanique Williams,Policy Advisor
422005,2018-03-14,Yanique Williams,Policy Advisor,1,Yanique Williams,Policy Advisor,Yanique Williams,Policy Advisor
423929,2018-03-16,Yanique Williams,Policy Advisor,1,Yanique Williams,Policy Advisor,Yanique Williams,Policy Advisor
426164,2018-04-03,Yanique Williams,Policy Advisor,1,Yanique Williams,Policy Advisor,Yanique Williams,Policy Advisor
426013,2018-04-05,Yanique Williams,Policy Advisor,1,Yanique Williams,Policy Advisor,Yanique Williams,Policy Advisor
425267,2018-04-10,Yanique Williams,Policy Advisor,1,Yanique Williams,Policy Advisor,Yanique Williams,Policy Advisor
425534,2018-04-10,Yanique Williams,Policy Advisor,1,Yanique Williams,Policy Advisor,Yanique Williams,Policy Advisor
425929,2018-04-25,Yanique Williams,Policy Advisor,1,Yanique Williams,Policy Advisor,Yanique Williams,Policy Advisor
425502,2018-05-03,Yanique Williams,Policy Advisor,1,Yanique Williams,Policy Advisor,Yanique Williams,Policy Advisor
429969,2018-06-12,Yanique Williams,Director of Policy,1,Yanique Williams,Director of Policy,Yanique Williams,Policy Advisor
430809,2018-06-12,Yanique Williams,Director of Policy,1,Yanique Williams,Director of Policy,Yanique Williams,Policy Advisor
431418,2018-07-13,Yanique Williams,Director of Policy,1,Yanique Williams,Director of Policy,Yanique Williams,Policy Advisor
432919,2018-07-13,Yanique Williams,Director of Policy,1,Yanique Williams,Director of Policy,Yanique Williams,Policy Advisor
435272,2018-09-05,Yanique Williams,Director of Policy,1,Yanique Williams,Director of Policy,Yanique Williams,Policy Advisor
435365,2018-10-10,Yanique Williams,Director of Policy,1,Yanique Williams,Director of Policy,Yanique Williams,Policy Advisor
437818,2018-10-23,Yanique Williams,Director of Policy,1,Yanique Williams,Director of Policy,Yanique Williams,Policy Advisor
439518,2018-10-23,Yanique Williams,Director of Policy,1,Yanique Williams,Director of Policy,Yanique Williams,Policy Advisor
436602,2018-10-24,Yanique Williams,Director of Policy,1,Yanique Williams,Director of Policy,Yanique Williams,Policy Advisor
439288,2018-10-25,Yanique Williams,Director of Policy,1,Yanique Williams,Director of Policy,Yanique Williams,Policy Advisor
436742,2018-10-31,Yanique Williams,Director of Policy,1,Yanique Williams,Director of Policy,Yanique Williams,Policy Advisor
441676,2018-12-05,Yanique Williams,Policy Advisor,1,Yanique Williams,Policy Advisor,Yanique Williams,Policy Advisor
451809,2019-04-09,Yanique Williams,Director of Policy,1,Yanique Williams,Director of Policy,Yanique Williams,Policy Advisor
451275,2019-04-30,Yanique Williams,Director of Policy,1,Yanique Williams,Director of Policy,Yanique Williams,Policy Advisor
456767,2019-06-12,Yanique Williams,Director of Policy,1,Yanique Williams,Director of Policy,Yanique Williams,Policy Advisor
463281,2020-01-14,Yanique Williams,Director of Policy,1,Yanique Williams,Director of Policy,Yanique Williams,Policy Advisor
463620,2020-01-16,Yanique Williams,Director of Policy,1,Yanique Williams,Director of Policy,Yanique Williams,Policy Advisor
464769,2020-01-17,Yanique Williams,Director of Policy,1,Yanique Williams,Director of Policy,Yanique Williams,Policy Advisor
464938,2020-01-28,Yanique Williams,Director of Policy,1,Yanique Williams,Director of Policy,Yanique Williams,Policy Advisor
467994,2020-02-04,Yanique Williams,"Director, Policy",1,Yanique Williams,"Director, Policy",Yanique Williams,Policy Advisor
465781,2020-02-14,Yanique Williams,Director of Policy,1,Yanique Williams,Director of Policy,Yanique Williams,Policy Advisor
466744,2020-02-25,Yanique Williams,Director of Policy,1,Yanique Williams,Director of Policy,Yanique Williams,Policy Advisor
465921,2020-03-03,Yanique Williams,Director of Policy,1,Yanique Williams,Director of Policy,Yanique Williams,Policy Advisor
465990,2020-03-04,Yanique Williams,Director of Policy,1,Yanique Williams,Director of Policy,Yanique Williams,Policy Advisor
469515,2020-03-13,Yanique Williams,Director of Policy,1,Yanique Williams,Director of Policy,Yanique Williams,Policy Advisor
470290,2020-03-19,Yanique Williams,Director of Policy,1,Yanique Williams,Director of Policy,Yanique Williams,Policy Advisor
471153,2020-03-24,Yanique Williams,Director of Policy,1,Yanique Williams,Director of Policy,Yanique Williams,Policy Advisor
473342,2020-04-02,Yanique Williams,Director of Policy,1,Yanique Williams,Director of Policy,Yanique Williams,Policy Advisor
472815,2020-04-21,Yanique Williams,Director of Policy,1,Yanique Williams,Director of Policy,Yanique Williams,Policy Advisor
472156,2020-04-28,Yanique Williams,Director of Policy,1,Yanique Williams,Director of Policy,Yanique Williams,Policy Advisor
472960,2020-04-30,Yanique Williams,Director of Policy,1,Yanique Williams,Director of Policy,Yanique Williams,Policy Advisor
475357,2020-05-05,Yanique Williams,Director of Policy,1,Yanique Williams,Director of Policy,Yanique Williams,Policy Advisor
475130,2020-05-05,Yanique Williams,"Director, Policy",1,Yanique Williams,"Director, Policy",Yanique Williams,Policy Advisor
472232,2020-05-11,Yanique Williams,Director of Policy,1,Yanique Williams,Director of Policy,Yanique Williams,Policy Advisor
472796,2020-05-13,Yanique Williams,Director of Policy,1,Yanique Williams,Director of Policy,Yanique Williams,Policy Advisor
475372,2020-05-13,Yanique Williams,Director of Policy,1,Yanique Williams,Director of Policy,Yanique Williams,Policy Advisor
475384,2020-05-29,Yanique Williams,Director of Policy,1,Yanique Williams,Director of Policy,Yanique Williams,Policy Advisor
477359,2020-06-01,Yanique Williams,Director of Policy,1,Yanique Williams,Director of Policy,Yanique Williams,Policy Advisor
477167,2020-06-04,Yanique Williams,Director of Policy,1,Yanique Williams,Director of Policy,Yanique Williams,Policy Advisor
477363,2020-06-04,Yanique Williams,Director of Policy,1,Yanique Williams,Director of Policy,Yanique Williams,Policy Advisor
477968,2020-06-04,Yanique Williams,Director of Policy,1,Yanique Williams,Director of Policy,Yanique Williams,Policy Advisor
476754,2020-06-05,Yanique Williams,Director of Policy,1,Yanique Williams,Director of Policy,Yanique Williams,Policy Advisor
477826,2020-06-18,Yanique Williams,Director of Policy,1,Yanique Williams,Director of Policy,Yanique Williams,Policy Advisor
480021,2020-07-03,Yanique Williams,Director of Policy,1,Yanique Williams,Director of Policy,Yanique Williams,Policy Advisor
476674,2020-07-07,Yanique Williams,Director of Policy,1,Yanique Williams,Director of Policy,Yanique Williams,Policy Advisor
479173,2020-07-15,Yanique Williams,Policy Advisor to the Minister of Rural Economic Development,1,Yanique Williams,Policy Advisor to the Minister of Rural Economic Development,Yanique Williams,Policy Advisor
480051,2020-07-20,Yanique Williams,Director of Policy,1,Yanique Williams,Director of Policy,Yanique Williams,Policy Advisor
481381,2020-08-11,Yanique Williams,Director of Policy,1,Yanique Williams,Director of Policy,Yanique Williams,Policy Advisor
481471,2020-09-03,Yanique Williams,Director of Policy,1,Yanique Williams,Director of Policy,Yanique Williams,Policy Advisor
481545,2020-09-03,Yanique Williams,Director of Policy,1,Yanique Williams,Director of Policy,Yanique Williams,Policy Advisor
484649,2020-09-03,Yanique Williams,Director of Policy,1,Yanique Williams,Director of Policy,Yanique Williams,Policy Advisor
492236,2020-09-03,Yanique Williams,Director of Policy,1,Yanique Williams,Director of Policy,Yanique Williams,Policy Advisor
482576,2020-09-11,Yanique Williams,Director of Policy,1,Yanique Williams,Director of Policy,Yanique Williams,Policy Advisor
484374,2020-09-21,Yanique Williams,Director of Policy,1,Yanique Williams,Director of Policy,Yanique Williams,Policy Advisor
483301,2020-10-01,Yanique Williams,"Director of Policy, Women and Gender Equality",1,Yanique Williams,"Director of Policy, Women and Gender Equality",Yanique Williams,Policy Advisor
487912,2020-10-07,Yanique Williams,Director of Policy,1,Yanique Williams,Director of Policy,Yanique Williams,Policy Advisor
486490,2020-10-08,Yanique Williams,Director of Policy,1,Yanique Williams,Director of Policy,Yanique Williams,Policy Advisor
490194,2020-10-08,Yanique Williams,Director of Policy,1,Yanique Williams,Director of Policy,Yanique Williams,Policy Advisor
382587,2016-07-06,Yanique Willliams,Policy Advisor and Ontario Regional Advisor,1,Yanique Willliams,Policy Advisor and Ontario Regional Advisor,Yanique Willliams,Policy Advisor and Ontario Regional Advisor
568242,2023-05-08,Yann Denis,"Manager, Industry Relations",1,Yann Denis,"Manager, Industry Relations",Yann Denis,"Manager, Industry and Academic Relations"
603238,2024-04-04,Yann Denis,"Manager, Industry and Academic Relations",1,Yann Denis,"Manager, Industry and Academic Relations",Yann Denis,"Manager, Industry and Academic Relations"
603313,2024-04-23,Yann Denis,"Manager, Industry and Academic Relations",1,Yann Denis,"Manager, Industry and Academic Relations",Yann Denis,"Manager, Industry and Academic Relations"
612960,2024-08-03,Yann Denis,"Manager, Industry and Academic Relations",1,Yann Denis,"Manager, Industry and Academic Relations",Yann Denis,"Manager, Industry and Academic Relations"
618356,2024-09-23,Yann Denis,"Manager, Industry and Academic Relations",1,Yann Denis,"Manager, Industry and Academic Relations",Yann Denis,"Manager, Industry and Academic Relations"
622747,2024-10-30,Yann Denis,"Manager, Industry and Academic Relations",1,Yann Denis,"Manager, Industry and Academic Relations",Yann Denis,"Manager, Industry and Academic Relations"
504245,2021-04-27,Yanne Messi Ngabelinga,Acting Director General,1,Yanne Messi Ngabelinga,Acting Director General,Yanne Messi Ngabelinga,Acting Director General
403796,2017-05-30,Yannick Beaudoin,Policy Analyst,1,Yannick Beaudoin,Policy Analyst,Yannick Beaudoin,Policy Analyst
598137,2024-02-27,Yannick Béland,"Superintendent, Trois-Rivières Office",1,Yannick Beland,"Superintendent, Trois-Rivières Office",Yannick Beland,"Superintendent, Trois-Rivières Office"
624893,2024-11-12,Yannick Cote-Steben,Analyst-Economist,1,Yannick Cote-steben,Analyst-Economist,Yannick Cote-steben,Analyst-Economist
409401,2017-10-10,Yannick Hébert,Acting Director General,1,Yannick Hebert,Acting Director General,Yannick Hebert,Acting Director General
562956,2023-03-30,Yannick Lacharite,"Director, Broadband Engineering, Mapping and Data Coordination",1,Yannick Lacharite,"Director, Broadband Engineering, Mapping and Data Coordination",Yannick Lacharite,"Director, Broadband Engineering, Mapping and Data Coordination"
486690,2020-10-01,Yannick Lacharité,Engineering Manager,1,Yannick Lacharite,Engineering Manager,Yannick Lacharite,"Director, Broadband Engineering, Mapping and Data Coordination"
284074,2011-11-01,Yannick Leclair,Senior Policy Analyst,1,Yannick Leclair,Senior Policy Analyst,Yannick Leclair,Senior Policy Analyst
629451,2024-12-17,yannick Monaghan,Director,1,Yannick Monaghan,Director,Yannick Monaghan,Director
539506,2022-07-15,Yannick  Mondy,"Director, Trade and Tariff Policy",1,Yannick Mondy,"Director, Trade and Tariff Policy",Yannick Mondy,"Director, Trade and Tariff Policy"
364871,2015-11-18,Yannick Mondy,Analyst,1,Yannick Mondy,Analyst,Yannick Mondy,"Director, Trade and Tariff Policy"
417968,2017-12-07,Yannick Mondy,Director,1,Yannick Mondy,Director,Yannick Mondy,"Director, Trade and Tariff Policy"
418017,2017-12-07,Yannick Mondy,Director,1,Yannick Mondy,Director,Yannick Mondy,"Director, Trade and Tariff Policy"
443039,2018-12-18,Yannick Mondy,Director,1,Yannick Mondy,Director,Yannick Mondy,"Director, Trade and Tariff Policy"
445366,2019-02-11,Yannick Mondy,"Director, Trade Policy Division",1,Yannick Mondy,"Director, Trade Policy Division",Yannick Mondy,"Director, Trade and Tariff Policy"
458676,2019-08-14,Yannick Mondy,"Director, Trade Policy Division",1,Yannick Mondy,"Director, Trade Policy Division",Yannick Mondy,"Director, Trade and Tariff Policy"
477976,2020-06-17,Yannick Mondy,"Director, Trade Policy Division",1,Yannick Mondy,"Director, Trade Policy Division",Yannick Mondy,"Director, Trade and Tariff Policy"
480905,2020-08-28,Yannick Mondy,Director,1,Yannick Mondy,Director,Yannick Mondy,"Director, Trade and Tariff Policy"
498760,2021-02-17,Yannick Mondy,Director of Policy,1,Yannick Mondy,Director of Policy,Yannick Mondy,"Director, Trade and Tariff Policy"
507395,2021-05-12,Yannick Mondy,"Director, Trade and Tariff Policy",1,Yannick Mondy,"Director, Trade and Tariff Policy",Yannick Mondy,"Director, Trade and Tariff Policy"
526117,2022-02-17,Yannick Mondy,"Director, Tariff and Commercial Policy",1,Yannick Mondy,"Director, Tariff and Commercial Policy",Yannick Mondy,"Director, Trade and Tariff Policy"
553348,2022-12-15,Yannick Mondy,"Director, Tariff and Commercial Policy",1,Yannick Mondy,"Director, Tariff and Commercial Policy",Yannick Mondy,"Director, Trade and Tariff Policy"
560092,2023-02-08,Yannick Mondy,"Director, Tariff and Commercial Policy",1,Yannick Mondy,"Director, Tariff and Commercial Policy",Yannick Mondy,"Director, Trade and Tariff Policy"
560854,2023-03-08,Yannick Mondy,Director,1,Yannick Mondy,Director,Yannick Mondy,"Director, Trade and Tariff Policy"
566649,2023-05-09,Yannick Mondy,"Director, Trade and Tariff Policy",1,Yannick Mondy,"Director, Trade and Tariff Policy",Yannick Mondy,"Director, Trade and Tariff Policy"
568078,2023-05-11,Yannick Mondy,"Director, Tariff and Commercial Policy",1,Yannick Mondy,"Director, Tariff and Commercial Policy",Yannick Mondy,"Director, Trade and Tariff Policy"
570326,2023-05-15,Yannick Mondy,"Director, Trade and Tariff Policy",1,Yannick Mondy,"Director, Trade and Tariff Policy",Yannick Mondy,"Director, Trade and Tariff Policy"
570381,2023-05-15,Yannick Mondy,"Director, Trade and Tariff Policy",1,Yannick Mondy,"Director, Trade and Tariff Policy",Yannick Mondy,"Director, Trade and Tariff Policy"
591504,2024-01-11,Yannick Mondy,"Director, Trade and Tariff Policy",1,Yannick Mondy,"Director, Trade and Tariff Policy",Yannick Mondy,"Director, Trade and Tariff Policy"
555201,2023-01-18,Yannick Mondy ,"Director, Trade and Tariff Policy",1,Yannick Mondy,"Director, Trade and Tariff Policy",Yannick Mondy,"Director, Trade and Tariff Policy"
570284,2023-05-15,Yannick Money,"Director, Trade and Tariff Policy",1,Yannick Money,"Director, Trade and Tariff Policy",Yannick Mondy,"Director, Trade and Tariff Policy"
512722,2021-07-10,Yannick Simard,Executive Assistant,1,Yannick Simard,Executive Assistant,Yannick Simard,Executive Assistant
628823,2024-12-11,Yannick Steben,Senior Economist,1,Yannick Steben,Senior Economist,Yannick Steben,Senior Economist
473798,2020-04-29,Yannick Williams,Director of Policy,1,Yannick Williams,Director of Policy,Yannick Williams,Director of Policy
509547,2021-06-18,Yannic Lamonde,Director,1,Yannic Lamonde,Director,Yannic Lamonde,Director
407965,2017-08-30,Yannik Mondy,"Director, International Affairs Branch",1,Yannik Mondy,"Director, International Affairs Branch",Yannik Mondy,"Director, International Affairs Branch"
590299,2023-12-04,Yanni Papadatos,Policy Advisor,1,Yanni Papadatos,Policy Advisor,Yianni Papadatos,Policy Advisor
590300,2023-12-07,Yanni Papadatos,Policy Advisor,1,Yanni Papadatos,Policy Advisor,Yianni Papadatos,Policy Advisor
378945,2016-05-17,Yannique Williams,Policy Advisor,1,Yannique Williams,Policy Advisor,Yannique Williams,Policy Advisor
405306,2017-06-20,Yannique Williams,Policy Advisor,1,Yannique Williams,Policy Advisor,Yannique Williams,Policy Advisor
408516,2017-09-15,Yannique Williams,Policy Advisor,1,Yannique Williams,Policy Advisor,Yannique Williams,Policy Advisor
436431,2018-10-22,Yannique Williams,Policy Advisor,1,Yannique Williams,Policy Advisor,Yannique Williams,Policy Advisor
438807,2018-10-23,Yann La Borgne,Special Assistant,1,Yann Borgne,Special Assistant,Yann Borgne,Special Assistant to the Parliamentary Secretary
435222,2018-09-26,Yann Le Borgne,Unknown,1,Yann Borgne,Unknown,Yann Borgne,Special Assistant to the Parliamentary Secretary
436816,2018-10-03,Yann Le Borgne,Special Assistant to the Parliamentary Secretary,1,Yann Borgne,Special Assistant to the Parliamentary Secretary,Yann Borgne,Special Assistant to the Parliamentary Secretary
437753,2018-10-17,Yann Le Borgne,Special Assistant to the Parliamentary Secretary,1,Yann Borgne,Special Assistant to the Parliamentary Secretary,Yann Borgne,Special Assistant to the Parliamentary Secretary
438392,2018-10-17,Yann Le Borgne,Special Assistant to the Parliamentary Secretary,1,Yann Borgne,Special Assistant to the Parliamentary Secretary,Yann Borgne,Special Assistant to the Parliamentary Secretary
441307,2018-11-21,Yann Le Borgne,Special Assistant to the Parliamentary Secretary,1,Yann Borgne,Special Assistant to the Parliamentary Secretary,Yann Borgne,Special Assistant to the Parliamentary Secretary
440562,2018-11-28,Yann Le Borgne,Special Assistant to the Parliamentary Secretary,1,Yann Borgne,Special Assistant to the Parliamentary Secretary,Yann Borgne,Special Assistant to the Parliamentary Secretary
443323,2018-12-14,Yann Le Borgne,Policy Advisor,1,Yann Borgne,Policy Advisor,Yann Borgne,Special Assistant to the Parliamentary Secretary
445776,2019-01-30,Yann Le Bourne,Assistant to the Parliamentary Secretary,1,Yann Bourne,Assistant to the Parliamentary Secretary,Yann Bourne,Assistant to the Parliamentary Secretary
120939,2009-08-19,Yann Malara,"Manager, Project Management Office",1,Yann Malara,"Manager, Project Management Office",Yann Malara,"Manager, Project Management Office"
144894,2010-02-25,Yan Plante,Chief of Staff,1,Yan Plante,Chief of Staff,Yan Plante,Chief of Staff
150307,2010-05-04,Yan Plante,Chief of Staff,1,Yan Plante,Chief of Staff,Yan Plante,Chief of Staff
155930,2010-09-29,Yan Plante,Chief of Staff,1,Yan Plante,Chief of Staff,Yan Plante,Chief of Staff
165300,2010-11-30,Yan Plante,Chief of Staff,1,Yan Plante,Chief of Staff,Yan Plante,Chief of Staff
174718,2011-06-01,Yan Plante,Chief of Staff,1,Yan Plante,Chief of Staff,Yan Plante,Chief of Staff
180464,2011-07-25,Yan Plante,Chief of Staff,1,Yan Plante,Chief of Staff,Yan Plante,Chief of Staff
181804,2011-08-11,Yan Plante,Chief of Staff,1,Yan Plante,Chief of Staff,Yan Plante,Chief of Staff
183104,2011-08-17,Yan Plante,Chief of Staff,1,Yan Plante,Chief of Staff,Yan Plante,Chief of Staff
185928,2011-08-31,Yan Plante,Chief of Staff,1,Yan Plante,Chief of Staff,Yan Plante,Chief of Staff
189115,2011-09-07,Yan Plante,Chief of Staff,1,Yan Plante,Chief of Staff,Yan Plante,Chief of Staff
190345,2011-09-29,Yan Plante,Chief of Staff,1,Yan Plante,Chief of Staff,Yan Plante,Chief of Staff
188636,2011-09-29,Yan Plante,"Chief of Staff, Transport, Infrastructure and Communities",1,Yan Plante,"Chief of Staff, Transport, Infrastructure and Communities",Yan Plante,Chief of Staff
195324,2011-11-15,Yan Plante,Chief of Staff,1,Yan Plante,Chief of Staff,Yan Plante,Chief of Staff
196747,2011-11-24,Yan Plante,Chief of Staff,1,Yan Plante,Chief of Staff,Yan Plante,Chief of Staff
217951,2012-03-28,Yan Plante,Chief of Staff,1,Yan Plante,Chief of Staff,Yan Plante,Chief of Staff
227298,2012-05-18,Yan Plante,Chief of Staff,1,Yan Plante,Chief of Staff,Yan Plante,Chief of Staff
279995,2012-09-25,Yan Plante,Chief of Staff,1,Yan Plante,Chief of Staff,Yan Plante,Chief of Staff
245778,2012-11-16,Yan Plante,Chief of Staff,1,Yan Plante,Chief of Staff,Yan Plante,Chief of Staff
269569,2013-03-05,Yan Plante,Chief of Staff,1,Yan Plante,Chief of Staff,Yan Plante,Chief of Staff
331937,2014-08-18,Yan Plante,Chief of Staff,1,Yan Plante,Chief of Staff,Yan Plante,Chief of Staff
332592,2014-08-20,Yan Plante,Chief of Staff,1,Yan Plante,Chief of Staff,Yan Plante,Chief of Staff
334566,2014-09-17,Yan Plante,Chief of Staff,1,Yan Plante,Chief of Staff,Yan Plante,Chief of Staff
343523,2014-12-16,Yan Plante,Chief of Staff,1,Yan Plante,Chief of Staff,Yan Plante,Chief of Staff
344586,2015-01-23,Yan Plante,Chief of Staff,1,Yan Plante,Chief of Staff,Yan Plante,Chief of Staff
440443,2018-11-22,Yan Plante,Policy Advisor,1,Yan Plante,Policy Advisor,Yan Plante,Chief of Staff
370365,2016-02-23,Yan Poirier,Director,1,Yan Poirier,Director,Yan Poirier,Director
151898,2010-06-10,Yan William,Acting Director,1,Yan William,Acting Director,Yan William,Acting Director
90383,2008-12-09,Yaprack Baltacioglu,Deputy Minister,1,Yaprack Baltacioglu,Deputy Minister,Yaprak Baltacioglu,Deputy Minister
106378,2009-04-14,Yaprack Baltacioglu,Deputy Minister,1,Yaprack Baltacioglu,Deputy Minister,Yaprak Baltacioglu,Deputy Minister
165070,2010-02-10,Yaprah Baltacioglu,Deputy Minister,1,Yaprah Baltacioglu,Deputy Minister,Yaprak Baltacioglu,Deputy Minister
154587,2010-08-26,Yaprak Baltac&#305;o&#287;lu,Deputy Minister,1,Yaprak Baltac&#305;o&#287;lu,Deputy Minister,Yaprak Baltac&#305;o&#287;lu,Deputy Minister
121280,2009-08-27,Yaprak Baltachioglu,"Deputy Minister, Transport, Infrastructure and Communities",1,Yaprak Baltachioglu,"Deputy Minister, Transport, Infrastructure and Communities",Yaprak Baltacioglu,Deputy Minister
117275,2009-07-22,Yaprak Baltaciaglu,"Deputy Minister, Transport",1,Yaprak Baltaciaglu,"Deputy Minister, Transport",Yaprak Baltacioglu,Deputy Minister
128539,2009-10-28,Yaprak Baltacio&#287;lu,"Deputy Minister, Infrastructure Canada",1,Yaprak Baltacio&#287;lu,"Deputy Minister, Infrastructure Canada",Yaprak Baltacio&#287;lu,Deputy Minister
142935,2010-02-09,Yaprak Baltacio&#287;lu,Deputy Minister,1,Yaprak Baltacio&#287;lu,Deputy Minister,Yaprak Baltacio&#287;lu,Deputy Minister
180369,2011-07-20,Yaprak Baltacio&#287;lu,Deputy Minister,1,Yaprak Baltacio&#287;lu,Deputy Minister,Yaprak Baltacio&#287;lu,Deputy Minister
87852,2008-12-09,"Yaprak , Baltacioglu",Deputy Minister,1,Yaprak Baltacioglu,Deputy Minister,Yaprak Baltacioglu,Deputy Minister
76256,2008-07-08,Yaprak Baltacioglu,Deputy Minister,1,Yaprak Baltacioglu,Deputy Minister,Yaprak Baltacioglu,Deputy Minister
76336,2008-07-08,Yaprak Baltacioglu,Deputy Minister,1,Yaprak Baltacioglu,Deputy Minister,Yaprak Baltacioglu,Deputy Minister
77196,2008-07-08,Yaprak Baltacioglu,Deputy Minister,1,Yaprak Baltacioglu,Deputy Minister,Yaprak Baltacioglu,Deputy Minister
78094,2008-07-08,Yaprak Baltacioglu,Deputy Minister,1,Yaprak Baltacioglu,Deputy Minister,Yaprak Baltacioglu,Deputy Minister
84016,2008-07-08,Yaprak Baltacioglu,Deputy Minister,1,Yaprak Baltacioglu,Deputy Minister,Yaprak Baltacioglu,Deputy Minister
77192,2008-07-10,Yaprak Baltacioglu,Deputy Minister,1,Yaprak Baltacioglu,Deputy Minister,Yaprak Baltacioglu,Deputy Minister
77199,2008-07-10,Yaprak Baltacioglu,Deputy Minister,1,Yaprak Baltacioglu,Deputy Minister,Yaprak Baltacioglu,Deputy Minister
77185,2008-08-05,Yaprak Baltacioglu,Deputy Minister,1,Yaprak Baltacioglu,Deputy Minister,Yaprak Baltacioglu,Deputy Minister
84019,2008-08-05,Yaprak Baltacioglu,Deputy Minister,1,Yaprak Baltacioglu,Deputy Minister,Yaprak Baltacioglu,Deputy Minister
78174,2008-08-18,Yaprak Baltacioglu,Deputy Minister,1,Yaprak Baltacioglu,Deputy Minister,Yaprak Baltacioglu,Deputy Minister
85954,2008-08-18,Yaprak Baltacioglu,Deputy Minister,1,Yaprak Baltacioglu,Deputy Minister,Yaprak Baltacioglu,Deputy Minister
83036,2008-10-01,Yaprak Baltacioglu,Deputy Minister,1,Yaprak Baltacioglu,Deputy Minister,Yaprak Baltacioglu,Deputy Minister
84876,2008-10-01,Yaprak Baltacioglu,Deputy Minister,1,Yaprak Baltacioglu,Deputy Minister,Yaprak Baltacioglu,Deputy Minister
84879,2008-10-01,Yaprak Baltacioglu,Deputy Minister,1,Yaprak Baltacioglu,Deputy Minister,Yaprak Baltacioglu,Deputy Minister
84881,2008-10-01,Yaprak Baltacioglu,Deputy Minister,1,Yaprak Baltacioglu,Deputy Minister,Yaprak Baltacioglu,Deputy Minister
84894,2008-10-01,Yaprak Baltacioglu,Deputy Minister,1,Yaprak Baltacioglu,Deputy Minister,Yaprak Baltacioglu,Deputy Minister
84895,2008-10-01,Yaprak Baltacioglu,Deputy Minister,1,Yaprak Baltacioglu,Deputy Minister,Yaprak Baltacioglu,Deputy Minister
84897,2008-10-01,Yaprak Baltacioglu,Deputy Minister,1,Yaprak Baltacioglu,Deputy Minister,Yaprak Baltacioglu,Deputy Minister
84899,2008-10-01,Yaprak Baltacioglu,Deputy Minister,1,Yaprak Baltacioglu,Deputy Minister,Yaprak Baltacioglu,Deputy Minister
84900,2008-10-01,Yaprak Baltacioglu,Deputy Minister,1,Yaprak Baltacioglu,Deputy Minister,Yaprak Baltacioglu,Deputy Minister
85344,2008-10-23,Yaprak Baltacioglu,Deputy Minister,1,Yaprak Baltacioglu,Deputy Minister,Yaprak Baltacioglu,Deputy Minister
86976,2008-11-03,Yaprak Baltacioglu,Deputy Minister,1,Yaprak Baltacioglu,Deputy Minister,Yaprak Baltacioglu,Deputy Minister
87664,2008-11-03,Yaprak Baltacioglu,Deputy Minister,1,Yaprak Baltacioglu,Deputy Minister,Yaprak Baltacioglu,Deputy Minister
89551,2008-11-04,Yaprak Baltacioglu,Deputy Minister,1,Yaprak Baltacioglu,Deputy Minister,Yaprak Baltacioglu,Deputy Minister
85757,2008-11-06,Yaprak Baltacioglu,Deputy Minister,1,Yaprak Baltacioglu,Deputy Minister,Yaprak Baltacioglu,Deputy Minister
141779,2008-11-09,Yaprak Baltacioglu,Deputy Minister,1,Yaprak Baltacioglu,Deputy Minister,Yaprak Baltacioglu,Deputy Minister
88009,2008-12-02,Yaprak Baltacioglu,Deputy Minister,1,Yaprak Baltacioglu,Deputy Minister,Yaprak Baltacioglu,Deputy Minister
89794,2008-12-05,Yaprak Baltacioglu,Deputy Minister,1,Yaprak Baltacioglu,Deputy Minister,Yaprak Baltacioglu,Deputy Minister
89974,2008-12-05,Yaprak Baltacioglu,Deputy Minister,1,Yaprak Baltacioglu,Deputy Minister,Yaprak Baltacioglu,Deputy Minister
87834,2008-12-09,Yaprak Baltacioglu,Deputy Minister,1,Yaprak Baltacioglu,Deputy Minister,Yaprak Baltacioglu,Deputy Minister
87845,2008-12-09,Yaprak Baltacioglu,Deputy Minister,1,Yaprak Baltacioglu,Deputy Minister,Yaprak Baltacioglu,Deputy Minister
88047,2008-12-09,Yaprak Baltacioglu,Deputy Minister,1,Yaprak Baltacioglu,Deputy Minister,Yaprak Baltacioglu,Deputy Minister
89895,2008-12-09,Yaprak Baltacioglu,Deputy Minister,1,Yaprak Baltacioglu,Deputy Minister,Yaprak Baltacioglu,Deputy Minister
90169,2008-12-09,Yaprak Baltacioglu,Deputy Minister,1,Yaprak Baltacioglu,Deputy Minister,Yaprak Baltacioglu,Deputy Minister
90214,2008-12-09,Yaprak Baltacioglu,Deputy Minister,1,Yaprak Baltacioglu,Deputy Minister,Yaprak Baltacioglu,Deputy Minister
89183,2008-12-12,Yaprak Baltacioglu,Deputy Minister,1,Yaprak Baltacioglu,Deputy Minister,Yaprak Baltacioglu,Deputy Minister
90107,2008-12-12,Yaprak Baltacioglu,Deputy Minister,1,Yaprak Baltacioglu,Deputy Minister,Yaprak Baltacioglu,Deputy Minister
95755,2008-12-17,Yaprak Baltacioglu,Deputy Minister,1,Yaprak Baltacioglu,Deputy Minister,Yaprak Baltacioglu,Deputy Minister
90874,2009-01-16,Yaprak Baltacioglu,Deputy Minister,1,Yaprak Baltacioglu,Deputy Minister,Yaprak Baltacioglu,Deputy Minister
92865,2009-01-16,Yaprak Baltacioglu,Deputy Minister,1,Yaprak Baltacioglu,Deputy Minister,Yaprak Baltacioglu,Deputy Minister
101975,2009-02-18,Yaprak Baltacioglu,Deputy Minister,1,Yaprak Baltacioglu,Deputy Minister,Yaprak Baltacioglu,Deputy Minister
101111,2009-03-19,Yaprak Baltacioglu,Deputy Minister,1,Yaprak Baltacioglu,Deputy Minister,Yaprak Baltacioglu,Deputy Minister
101914,2009-04-02,Yaprak Baltacioglu,Chief of Staff,1,Yaprak Baltacioglu,Chief of Staff,Yaprak Baltacioglu,Deputy Minister
101040,2009-04-02,Yaprak Baltacioglu,Deputy Minister,1,Yaprak Baltacioglu,Deputy Minister,Yaprak Baltacioglu,Deputy Minister
102075,2009-04-03,Yaprak Baltacioglu,Deputy Minister,1,Yaprak Baltacioglu,Deputy Minister,Yaprak Baltacioglu,Deputy Minister
103116,2009-04-08,Yaprak Baltacioglu,Deputy Minister,1,Yaprak Baltacioglu,Deputy Minister,Yaprak Baltacioglu,Deputy Minister
101979,2009-04-14,Yaprak Baltacioglu,Deputy Minister,1,Yaprak Baltacioglu,Deputy Minister,Yaprak Baltacioglu,Deputy Minister
105855,2009-04-21,Yaprak Baltacioglu,Deputy Minister,1,Yaprak Baltacioglu,Deputy Minister,Yaprak Baltacioglu,Deputy Minister
105875,2009-04-21,Yaprak Baltacioglu,Deputy Minister,1,Yaprak Baltacioglu,Deputy Minister,Yaprak Baltacioglu,Deputy Minister
105877,2009-04-21,Yaprak Baltacioglu,Deputy Minister,1,Yaprak Baltacioglu,Deputy Minister,Yaprak Baltacioglu,Deputy Minister
105879,2009-04-21,Yaprak Baltacioglu,Deputy Minister,1,Yaprak Baltacioglu,Deputy Minister,Yaprak Baltacioglu,Deputy Minister
105881,2009-04-21,Yaprak Baltacioglu,Deputy Minister,1,Yaprak Baltacioglu,Deputy Minister,Yaprak Baltacioglu,Deputy Minister
105914,2009-04-21,Yaprak Baltacioglu,Deputy Minister,1,Yaprak Baltacioglu,Deputy Minister,Yaprak Baltacioglu,Deputy Minister
105917,2009-04-21,Yaprak Baltacioglu,Deputy Minister,1,Yaprak Baltacioglu,Deputy Minister,Yaprak Baltacioglu,Deputy Minister
105935,2009-04-21,Yaprak Baltacioglu,Deputy Minister,1,Yaprak Baltacioglu,Deputy Minister,Yaprak Baltacioglu,Deputy Minister
105939,2009-04-21,Yaprak Baltacioglu,Deputy Minister,1,Yaprak Baltacioglu,Deputy Minister,Yaprak Baltacioglu,Deputy Minister
106195,2009-04-22,Yaprak Baltacioglu,Deputy Minister,1,Yaprak Baltacioglu,Deputy Minister,Yaprak Baltacioglu,Deputy Minister
106234,2009-04-22,Yaprak Baltacioglu,Deputy Minister,1,Yaprak Baltacioglu,Deputy Minister,Yaprak Baltacioglu,Deputy Minister
105455,2009-04-28,Yaprak Baltacioglu,Deputy Minister,1,Yaprak Baltacioglu,Deputy Minister,Yaprak Baltacioglu,Deputy Minister
117601,2009-07-22,Yaprak Baltacioglu,"Deputy Minister, Transport",1,Yaprak Baltacioglu,"Deputy Minister, Transport",Yaprak Baltacioglu,Deputy Minister
117535,2009-07-23,Yaprak Baltacioglu,"Deputy Minister, Transport",1,Yaprak Baltacioglu,"Deputy Minister, Transport",Yaprak Baltacioglu,Deputy Minister
116064,2009-07-24,Yaprak Baltacioglu,Deputy Minister,1,Yaprak Baltacioglu,Deputy Minister,Yaprak Baltacioglu,Deputy Minister
115475,2009-07-27,Yaprak Baltacioglu,Deputy Minister,1,Yaprak Baltacioglu,Deputy Minister,Yaprak Baltacioglu,Deputy Minister
116934,2009-07-30,Yaprak Baltacioglu,Deputy Minister,1,Yaprak Baltacioglu,Deputy Minister,Yaprak Baltacioglu,Deputy Minister
120194,2009-08-27,Yaprak Baltacioglu,Deputy Minister,1,Yaprak Baltacioglu,Deputy Minister,Yaprak Baltacioglu,Deputy Minister
120816,2009-08-27,Yaprak Baltacioglu,"Deputy Minister, Transport",1,Yaprak Baltacioglu,"Deputy Minister, Transport",Yaprak Baltacioglu,Deputy Minister
124853,2009-09-17,Yaprak Baltacioglu,Deputy Minister,1,Yaprak Baltacioglu,Deputy Minister,Yaprak Baltacioglu,Deputy Minister
126838,2009-09-22,Yaprak Baltacioglu,Deputy Minister,1,Yaprak Baltacioglu,Deputy Minister,Yaprak Baltacioglu,Deputy Minister
127594,2009-09-22,Yaprak Baltacioglu,Deputy Minister,1,Yaprak Baltacioglu,Deputy Minister,Yaprak Baltacioglu,Deputy Minister
125374,2009-10-16,Yaprak Baltacioglu,Deputy Minister,1,Yaprak Baltacioglu,Deputy Minister,Yaprak Baltacioglu,Deputy Minister
125974,2009-10-16,Yaprak Baltacioglu,Deputy Minister,1,Yaprak Baltacioglu,Deputy Minister,Yaprak Baltacioglu,Deputy Minister
127839,2009-10-16,Yaprak Baltacioglu,Deputy Minister,1,Yaprak Baltacioglu,Deputy Minister,Yaprak Baltacioglu,Deputy Minister
128554,2009-10-20,Yaprak Baltacioglu,Deputy Minister,1,Yaprak Baltacioglu,Deputy Minister,Yaprak Baltacioglu,Deputy Minister
129125,2009-10-20,Yaprak Baltacioglu,Deputy Minister,1,Yaprak Baltacioglu,Deputy Minister,Yaprak Baltacioglu,Deputy Minister
128246,2009-10-28,Yaprak Baltacioglu,Deputy Minister,1,Yaprak Baltacioglu,Deputy Minister,Yaprak Baltacioglu,Deputy Minister
132546,2009-11-06,Yaprak Baltacioglu,Deputy Minister,1,Yaprak Baltacioglu,Deputy Minister,Yaprak Baltacioglu,Deputy Minister
131914,2009-12-08,Yaprak Baltacioglu,Deputy Minister,1,Yaprak Baltacioglu,Deputy Minister,Yaprak Baltacioglu,Deputy Minister
132036,2009-12-08,Yaprak Baltacioglu,Deputy Minister,1,Yaprak Baltacioglu,Deputy Minister,Yaprak Baltacioglu,Deputy Minister
133674,2009-12-08,Yaprak Baltacioglu,Deputy Minister,1,Yaprak Baltacioglu,Deputy Minister,Yaprak Baltacioglu,Deputy Minister
139234,2010-01-08,Yaprak Baltacioglu,Deputy Minister,1,Yaprak Baltacioglu,Deputy Minister,Yaprak Baltacioglu,Deputy Minister
138114,2010-01-11,Yaprak Baltacioglu,Deputy Minister,1,Yaprak Baltacioglu,Deputy Minister,Yaprak Baltacioglu,Deputy Minister
136875,2010-01-15,Yaprak Baltacioglu,Deputy Minister,1,Yaprak Baltacioglu,Deputy Minister,Yaprak Baltacioglu,Deputy Minister
138556,2010-01-19,Yaprak Baltacioglu,Deputy Minister,1,Yaprak Baltacioglu,Deputy Minister,Yaprak Baltacioglu,Deputy Minister
143334,2010-02-04,Yaprak Baltacioglu,Deputy Minister,1,Yaprak Baltacioglu,Deputy Minister,Yaprak Baltacioglu,Deputy Minister
146314,2010-02-10,Yaprak Baltacioglu,Deputy Minister,1,Yaprak Baltacioglu,Deputy Minister,Yaprak Baltacioglu,Deputy Minister
141078,2010-02-16,Yaprak Baltacioglu,Deputy Minister,1,Yaprak Baltacioglu,Deputy Minister,Yaprak Baltacioglu,Deputy Minister
141815,2010-02-24,Yaprak Baltacioglu,Deputy Minister,1,Yaprak Baltacioglu,Deputy Minister,Yaprak Baltacioglu,Deputy Minister
141836,2010-02-24,Yaprak Baltacioglu,Deputy Minister,1,Yaprak Baltacioglu,Deputy Minister,Yaprak Baltacioglu,Deputy Minister
142335,2010-02-25,Yaprak Baltacioglu,Deputy Minister,1,Yaprak Baltacioglu,Deputy Minister,Yaprak Baltacioglu,Deputy Minister
143614,2010-03-01,Yaprak Baltacioglu,Deputy Minister,1,Yaprak Baltacioglu,Deputy Minister,Yaprak Baltacioglu,Deputy Minister
145584,2010-03-05,Yaprak Baltacioglu,Deputy Minister,1,Yaprak Baltacioglu,Deputy Minister,Yaprak Baltacioglu,Deputy Minister
148649,2010-03-12,Yaprak Baltacioglu,Deputy Minister,1,Yaprak Baltacioglu,Deputy Minister,Yaprak Baltacioglu,Deputy Minister
148274,2010-04-26,Yaprak Baltacioglu,Deputy Minister,1,Yaprak Baltacioglu,Deputy Minister,Yaprak Baltacioglu,Deputy Minister
149598,2010-05-20,Yaprak Baltacioglu,Deputy Minister,1,Yaprak Baltacioglu,Deputy Minister,Yaprak Baltacioglu,Deputy Minister
151917,2010-06-07,Yaprak Baltacioglu,Deputy Minister,1,Yaprak Baltacioglu,Deputy Minister,Yaprak Baltacioglu,Deputy Minister
152068,2010-06-08,Yaprak Baltacioglu,Deputy Minister,1,Yaprak Baltacioglu,Deputy Minister,Yaprak Baltacioglu,Deputy Minister
153938,2010-08-26,Yaprak Baltacioglu,Deputy Minister,1,Yaprak Baltacioglu,Deputy Minister,Yaprak Baltacioglu,Deputy Minister
154587,2010-08-26,Yaprak Baltacioglu,Deputy Minister,1,Yaprak Baltacioglu,Deputy Minister,Yaprak Baltacioglu,Deputy Minister
156114,2010-09-01,Yaprak Baltacioglu,Deputy Minister,1,Yaprak Baltacioglu,Deputy Minister,Yaprak Baltacioglu,Deputy Minister
156116,2010-09-03,Yaprak Baltacioglu,Deputy Minister,1,Yaprak Baltacioglu,Deputy Minister,Yaprak Baltacioglu,Deputy Minister
158654,2010-10-04,Yaprak Baltacioglu,Deputy Minister,1,Yaprak Baltacioglu,Deputy Minister,Yaprak Baltacioglu,Deputy Minister
164348,2010-11-04,Yaprak Baltacioglu,Deputy Minister,1,Yaprak Baltacioglu,Deputy Minister,Yaprak Baltacioglu,Deputy Minister
160582,2010-11-18,Yaprak Baltacioglu,Deputy Minister,1,Yaprak Baltacioglu,Deputy Minister,Yaprak Baltacioglu,Deputy Minister
161560,2010-11-18,Yaprak Baltacioglu,"Deputy Minister, Transport",1,Yaprak Baltacioglu,"Deputy Minister, Transport",Yaprak Baltacioglu,Deputy Minister
161428,2010-11-19,Yaprak Baltacioglu,Deputy Minister,1,Yaprak Baltacioglu,Deputy Minister,Yaprak Baltacioglu,Deputy Minister
161564,2010-11-23,Yaprak Baltacioglu,"Deputy Minister, Transport",1,Yaprak Baltacioglu,"Deputy Minister, Transport",Yaprak Baltacioglu,Deputy Minister
162892,2010-12-02,Yaprak Baltacioglu,"Deputy Minister, Transport",1,Yaprak Baltacioglu,"Deputy Minister, Transport",Yaprak Baltacioglu,Deputy Minister
168662,2011-02-01,Yaprak Baltacioglu,"Deputy Minister, Transport Canada",1,Yaprak Baltacioglu,"Deputy Minister, Transport Canada",Yaprak Baltacioglu,Deputy Minister
167372,2011-02-21,Yaprak Baltacioglu,Deputy Minister,1,Yaprak Baltacioglu,Deputy Minister,Yaprak Baltacioglu,Deputy Minister
171349,2011-04-18,Yaprak Baltacioglu,Deputy Minister,1,Yaprak Baltacioglu,Deputy Minister,Yaprak Baltacioglu,Deputy Minister
174836,2011-06-17,Yaprak Baltacioglu,Deputy Minister,1,Yaprak Baltacioglu,Deputy Minister,Yaprak Baltacioglu,Deputy Minister
177964,2011-07-18,Yaprak Baltacioglu,Deputy Minister,1,Yaprak Baltacioglu,Deputy Minister,Yaprak Baltacioglu,Deputy Minister
190864,2011-10-10,Yaprak Baltacioglu,Deputy Minister,1,Yaprak Baltacioglu,Deputy Minister,Yaprak Baltacioglu,Deputy Minister
195105,2011-10-31,Yaprak Baltacioglu,Deputy Minister,1,Yaprak Baltacioglu,Deputy Minister,Yaprak Baltacioglu,Deputy Minister
196749,2011-11-03,Yaprak Baltacioglu,Deputy Minister,1,Yaprak Baltacioglu,Deputy Minister,Yaprak Baltacioglu,Deputy Minister
196562,2011-11-22,Yaprak Baltacioglu,Deputy Minister,1,Yaprak Baltacioglu,Deputy Minister,Yaprak Baltacioglu,Deputy Minister
200042,2011-11-28,Yaprak Baltacioglu,Deputy Minister,1,Yaprak Baltacioglu,Deputy Minister,Yaprak Baltacioglu,Deputy Minister
200045,2011-11-28,Yaprak Baltacioglu,Deputy Minister,1,Yaprak Baltacioglu,Deputy Minister,Yaprak Baltacioglu,Deputy Minister
197287,2011-11-30,Yaprak Baltacioglu,"Deputy Minister, Transport",1,Yaprak Baltacioglu,"Deputy Minister, Transport",Yaprak Baltacioglu,Deputy Minister
196967,2011-11-30,Yaprak Baltacioglu,"Deputy Minister, Transport, Infrastructure and Communities",1,Yaprak Baltacioglu,"Deputy Minister, Transport, Infrastructure and Communities",Yaprak Baltacioglu,Deputy Minister
202516,2011-12-06,Yaprak Baltacioglu,"Deputy Minister, Transport",1,Yaprak Baltacioglu,"Deputy Minister, Transport",Yaprak Baltacioglu,Deputy Minister
202761,2011-12-09,Yaprak Baltacioglu,"Deputy Minister, Transport, Infrastructure and Communities",1,Yaprak Baltacioglu,"Deputy Minister, Transport, Infrastructure and Communities",Yaprak Baltacioglu,Deputy Minister
202965,2011-12-14,Yaprak Baltacioglu,Deputy Minister,1,Yaprak Baltacioglu,Deputy Minister,Yaprak Baltacioglu,Deputy Minister
207595,2012-01-26,Yaprak Baltacioglu,Deputy Minister,1,Yaprak Baltacioglu,Deputy Minister,Yaprak Baltacioglu,Deputy Minister
210527,2012-02-03,Yaprak Baltacioglu,Deputy Minister,1,Yaprak Baltacioglu,Deputy Minister,Yaprak Baltacioglu,Deputy Minister
215067,2012-02-14,Yaprak Baltacioglu,Deputy Minister,1,Yaprak Baltacioglu,Deputy Minister,Yaprak Baltacioglu,Deputy Minister
216687,2012-03-09,Yaprak Baltacioglu,Deputy Minister,1,Yaprak Baltacioglu,Deputy Minister,Yaprak Baltacioglu,Deputy Minister
223357,2012-04-13,Yaprak Baltacioglu,Deputy Minister,1,Yaprak Baltacioglu,Deputy Minister,Yaprak Baltacioglu,Deputy Minister
223078,2012-04-24,Yaprak Baltacioglu,Deputy Minister,1,Yaprak Baltacioglu,Deputy Minister,Yaprak Baltacioglu,Deputy Minister
226069,2012-05-15,Yaprak Baltacioglu,Deputy Minister,1,Yaprak Baltacioglu,Deputy Minister,Yaprak Baltacioglu,Deputy Minister
226946,2012-05-15,Yaprak Baltacioglu,Deputy Minister,1,Yaprak Baltacioglu,Deputy Minister,Yaprak Baltacioglu,Deputy Minister
230210,2012-06-07,Yaprak Baltacioglu,Deputy Minister,1,Yaprak Baltacioglu,Deputy Minister,Yaprak Baltacioglu,Deputy Minister
230296,2012-06-07,Yaprak Baltacioglu,Deputy Minister,1,Yaprak Baltacioglu,Deputy Minister,Yaprak Baltacioglu,Deputy Minister
228371,2012-06-21,Yaprak Baltacioglu,Deputy Minister,1,Yaprak Baltacioglu,Deputy Minister,Yaprak Baltacioglu,Deputy Minister
229577,2012-06-21,Yaprak Baltacioglu,Deputy Minister,1,Yaprak Baltacioglu,Deputy Minister,Yaprak Baltacioglu,Deputy Minister
236809,2012-08-22,Yaprak Baltacioglu,Deputy Minister,1,Yaprak Baltacioglu,Deputy Minister,Yaprak Baltacioglu,Deputy Minister
239959,2012-09-19,Yaprak Baltacioglu,Deputy Minister,1,Yaprak Baltacioglu,Deputy Minister,Yaprak Baltacioglu,Deputy Minister
238129,2012-09-21,Yaprak Baltacioglu,Deputy Minister,1,Yaprak Baltacioglu,Deputy Minister,Yaprak Baltacioglu,Deputy Minister
240998,2012-09-25,Yaprak Baltacioglu,Deputy Minister,1,Yaprak Baltacioglu,Deputy Minister,Yaprak Baltacioglu,Deputy Minister
241012,2012-09-25,Yaprak Baltacioglu,Deputy Minister,1,Yaprak Baltacioglu,Deputy Minister,Yaprak Baltacioglu,Deputy Minister
241205,2012-09-25,Yaprak Baltacioglu,Deputy Minister,1,Yaprak Baltacioglu,Deputy Minister,Yaprak Baltacioglu,Deputy Minister
247389,2012-09-25,Yaprak Baltacioglu,Deputy Minister,1,Yaprak Baltacioglu,Deputy Minister,Yaprak Baltacioglu,Deputy Minister
265369,2012-09-27,Yaprak Baltacioglu,Deputy Minister,1,Yaprak Baltacioglu,Deputy Minister,Yaprak Baltacioglu,Deputy Minister
244424,2012-10-12,Yaprak Baltacioglu,Deputy Minister,1,Yaprak Baltacioglu,Deputy Minister,Yaprak Baltacioglu,Deputy Minister
276011,2013-05-02,Yaprak Baltacioglu,"Secretary, Treasury Board of Canada",1,Yaprak Baltacioglu,"Secretary, Treasury Board of Canada",Yaprak Baltacioglu,Deputy Minister
282292,2013-06-14,Yaprak Baltacioglu,"Secretary, Treasury Board of Canada",1,Yaprak Baltacioglu,"Secretary, Treasury Board of Canada",Yaprak Baltacioglu,Deputy Minister
302749,2013-10-22,Yaprak Baltacioglu,Secretary of the Treasury Board,1,Yaprak Baltacioglu,Secretary of the Treasury Board,Yaprak Baltacioglu,Deputy Minister
321649,2014-03-27,Yaprak Baltacioglu,"Secretary, Treasury Board of Canada",1,Yaprak Baltacioglu,"Secretary, Treasury Board of Canada",Yaprak Baltacioglu,Deputy Minister
322160,2014-03-27,Yaprak Baltacioglu,"Secretary, Treasury Board of Canada",1,Yaprak Baltacioglu,"Secretary, Treasury Board of Canada",Yaprak Baltacioglu,Deputy Minister
329612,2014-06-17,Yaprak Baltacioglu,"Secretary, Treasury Board of Canada",1,Yaprak Baltacioglu,"Secretary, Treasury Board of Canada",Yaprak Baltacioglu,Deputy Minister
333539,2014-09-05,Yaprak Baltacioglu,"Secretary, Treasury Board of Canada",1,Yaprak Baltacioglu,"Secretary, Treasury Board of Canada",Yaprak Baltacioglu,Deputy Minister
343840,2014-12-15,Yaprak Baltacioglu,"Secretary, Treasury Board of Canada",1,Yaprak Baltacioglu,"Secretary, Treasury Board of Canada",Yaprak Baltacioglu,Deputy Minister
362355,2015-09-15,Yaprak Baltacioglu,"Secretary, Treasury Board of Canada",1,Yaprak Baltacioglu,"Secretary, Treasury Board of Canada",Yaprak Baltacioglu,Deputy Minister
371321,2016-02-08,Yaprak Baltacioglu,Secretary,1,Yaprak Baltacioglu,Secretary,Yaprak Baltacioglu,Deputy Minister
380328,2016-06-08,Yaprak Baltacioglu,Secretary of the Treasury Board,1,Yaprak Baltacioglu,Secretary of the Treasury Board,Yaprak Baltacioglu,Deputy Minister
382656,2016-07-28,Yaprak Baltacioglu,Secretary,1,Yaprak Baltacioglu,Secretary,Yaprak Baltacioglu,Deputy Minister
381950,2016-07-28,Yaprak Baltacioglu,Secretary of the Treasury Board,1,Yaprak Baltacioglu,Secretary of the Treasury Board,Yaprak Baltacioglu,Deputy Minister
383136,2016-08-23,Yaprak Baltacioglu,Secretary,1,Yaprak Baltacioglu,Secretary,Yaprak Baltacioglu,Deputy Minister
383379,2016-09-13,Yaprak Baltacioglu,Secretary,1,Yaprak Baltacioglu,Secretary,Yaprak Baltacioglu,Deputy Minister
384867,2016-09-22,Yaprak Baltacioglu,Secretary,1,Yaprak Baltacioglu,Secretary,Yaprak Baltacioglu,Deputy Minister
384881,2016-09-22,Yaprak Baltacioglu,Secretary,1,Yaprak Baltacioglu,Secretary,Yaprak Baltacioglu,Deputy Minister
384853,2016-09-22,Yaprak Baltacioglu,"Secretary, Treasury Board",1,Yaprak Baltacioglu,"Secretary, Treasury Board",Yaprak Baltacioglu,Deputy Minister
400983,2017-04-10,Yaprak Baltacioglu,Deputy Minister,1,Yaprak Baltacioglu,Deputy Minister,Yaprak Baltacioglu,Deputy Minister
399244,2017-04-10,Yaprak Baltacioglu,Secretary,1,Yaprak Baltacioglu,Secretary,Yaprak Baltacioglu,Deputy Minister
403474,2017-05-10,Yaprak Baltacioglu,Secretary of the Treasury Board,1,Yaprak Baltacioglu,Secretary of the Treasury Board,Yaprak Baltacioglu,Deputy Minister
413447,2017-10-24,Yaprak Baltacioglu,Secretary of the Treasury Board,1,Yaprak Baltacioglu,Secretary of the Treasury Board,Yaprak Baltacioglu,Deputy Minister
418175,2017-12-11,Yaprak Baltacioglu,Secretary of the Treasury Board,1,Yaprak Baltacioglu,Secretary of the Treasury Board,Yaprak Baltacioglu,Deputy Minister
87856,2008-12-09,"Yaprak Baltacioglu,",Deputy Minister,1,Yaprak Baltacioglu,Deputy Minister,Yaprak Baltacioglu,Deputy Minister
97258,2009-02-03,YAPRAK BALTACIOGLU,Deputy Minister,1,Yaprak Baltacioglu,Deputy Minister,Yaprak Baltacioglu,Deputy Minister
84896,2008-10-01,Yaprak Baltaciogly,Deputy Minister,1,Yaprak Baltaciogly,Deputy Minister,Yaprak Baltacioglu,Deputy Minister
161719,2010-11-23,Yaprak Baltaciolglu,Deputy Minister,1,Yaprak Baltaciolglu,Deputy Minister,Yaprak Baltacioglu,Deputy Minister
88013,2008-12-02,Yaprak Baltaciouglu,Deputy Minister,1,Yaprak Baltaciouglu,Deputy Minister,Yaprak Baltacioglu,Deputy Minister
136165,2009-11-24,Yaprak Baltaciouglu,Deputy Minister,1,Yaprak Baltaciouglu,Deputy Minister,Yaprak Baltacioglu,Deputy Minister
410504,2017-10-20,Yaprak Baltaciouglu,Secretary of the Treasury Board,1,Yaprak Baltaciouglu,Secretary of the Treasury Board,Yaprak Baltacioglu,Deputy Minister
412403,2017-10-20,Yaprak Baltaciouglu,Secretary to the Treasury Board,1,Yaprak Baltaciouglu,Secretary to the Treasury Board,Yaprak Baltacioglu,Deputy Minister
132421,2009-11-04,Yaprak Balticioglu,Deputy Minister,1,Yaprak Balticioglu,Deputy Minister,Yaprak Baltacioglu,Deputy Minister
228809,2012-06-21,Yaprak Balticioglu,Deputy Minister,1,Yaprak Balticioglu,Deputy Minister,Yaprak Baltacioglu,Deputy Minister
76053,2008-07-09,yaprak Baltigioulu,Deputy Minister,1,Yaprak Baltigioulu,Deputy Minister,Yaprak Baltigioulu,Deputy Minister
76056,2008-07-09,yaprak Baltigioulu,Deputy Minister,1,Yaprak Baltigioulu,Deputy Minister,Yaprak Baltigioulu,Deputy Minister
76068,2008-07-09,yaprak Baltigioulu,Deputy Minister,1,Yaprak Baltigioulu,Deputy Minister,Yaprak Baltigioulu,Deputy Minister
76036,2008-07-09,Yaprak Baltigioulu,Deputy Minister,1,Yaprak Baltigioulu,Deputy Minister,Yaprak Baltigioulu,Deputy Minister
76050,2008-07-09,Yaprak Baltigioulu,Deputy Minister,1,Yaprak Baltigioulu,Deputy Minister,Yaprak Baltigioulu,Deputy Minister
76058,2008-07-09,Yaprak Baltigioulu,Deputy Minister,1,Yaprak Baltigioulu,Deputy Minister,Yaprak Baltigioulu,Deputy Minister
76063,2008-07-09,Yaprak Baltigioulu,Deputy Minister,1,Yaprak Baltigioulu,Deputy Minister,Yaprak Baltigioulu,Deputy Minister
76066,2008-07-09,Yaprak Baltigioulu,Deputy Minister,1,Yaprak Baltigioulu,Deputy Minister,Yaprak Baltigioulu,Deputy Minister
76070,2008-07-09,Yaprak Baltigioulu,Deputy Minister,1,Yaprak Baltigioulu,Deputy Minister,Yaprak Baltigioulu,Deputy Minister
156553,2010-09-02,Yaprak Baltocioglu,"Deputy Minister, Transport",1,Yaprak Baltocioglu,"Deputy Minister, Transport",Yaprak Baltacioglu,Deputy Minister
506343,2021-05-21,Ya'raa Saks,Member of Parliament,1,Ya'raa Saks,Member of Parliament,Ya'ara Saks,Member of Parliament
497063,2021-02-09,Ya'ra Saks,Member of Parliament,1,Ya'ra Saks,Member of Parliament,Ya'ara Saks,Member of Parliament
498670,2021-03-04,Ya'ra Saks,Member of Parliament,1,Ya'ra Saks,Member of Parliament,Ya'ara Saks,Member of Parliament
506126,2021-04-16,Ya'ra Saks,Member of Parliament,1,Ya'ra Saks,Member of Parliament,Ya'ara Saks,Member of Parliament
438079,2018-10-29,Yarko Petryshyn,Senior Policy Advisor,1,Yarko Petryshyn,Senior Policy Advisor,Yarko Petryshyn,Senior Policy Advisor
441705,2018-11-26,Yarko Petryshyn,Senior Policy Advisor,1,Yarko Petryshyn,Senior Policy Advisor,Yarko Petryshyn,Senior Policy Advisor
442073,2018-11-27,Yarko Petryshyn,Senior Policy Advisor,1,Yarko Petryshyn,Senior Policy Advisor,Yarko Petryshyn,Senior Policy Advisor
441104,2018-11-29,Yarko Petryshyn,Policy Advisor,1,Yarko Petryshyn,Policy Advisor,Yarko Petryshyn,Senior Policy Advisor
441341,2018-11-29,Yarko Petryshyn,Policy Advisor,1,Yarko Petryshyn,Policy Advisor,Yarko Petryshyn,Senior Policy Advisor
442900,2018-12-05,Yarko Petryshyn,Senior Policy Advisor,1,Yarko Petryshyn,Senior Policy Advisor,Yarko Petryshyn,Senior Policy Advisor
443650,2018-12-05,Yarko Petryshyn,Senior Policy Advisor,1,Yarko Petryshyn,Senior Policy Advisor,Yarko Petryshyn,Senior Policy Advisor
443083,2018-12-12,Yarko Petryshyn,Policy Advisor,1,Yarko Petryshyn,Policy Advisor,Yarko Petryshyn,Senior Policy Advisor
445324,2019-01-17,Yarko Petryshyn,Senior Policy Advisor,1,Yarko Petryshyn,Senior Policy Advisor,Yarko Petryshyn,Senior Policy Advisor
446950,2019-02-04,Yarko Petryshyn,Senior Policy Advisor,1,Yarko Petryshyn,Senior Policy Advisor,Yarko Petryshyn,Senior Policy Advisor
448092,2019-02-20,Yarko Petryshyn,Senior Policy Advisor,1,Yarko Petryshyn,Senior Policy Advisor,Yarko Petryshyn,Senior Policy Advisor
447656,2019-02-20,Yarko Petryshyn,"Senior Special Assistant, Operations",1,Yarko Petryshyn,"Senior Special Assistant, Operations",Yarko Petryshyn,Senior Policy Advisor
447612,2019-02-22,Yarko Petryshyn,Senior Policy Advisor,1,Yarko Petryshyn,Senior Policy Advisor,Yarko Petryshyn,Senior Policy Advisor
446456,2019-02-22,Yarko Petryshyn,Senior Policy Advisor to the Minister,1,Yarko Petryshyn,Senior Policy Advisor to the Minister,Yarko Petryshyn,Senior Policy Advisor
446098,2019-02-25,Yarko Petryshyn,Senior Policy Advisor,1,Yarko Petryshyn,Senior Policy Advisor,Yarko Petryshyn,Senior Policy Advisor
446192,2019-02-25,Yarko Petryshyn,Senior Policy Advisor,1,Yarko Petryshyn,Senior Policy Advisor,Yarko Petryshyn,Senior Policy Advisor
446463,2019-02-27,Yarko Petryshyn,Senior Policy Advisor to the Minister,1,Yarko Petryshyn,Senior Policy Advisor to the Minister,Yarko Petryshyn,Senior Policy Advisor
448288,2019-03-12,Yarko Petryshyn,Senior Policy Advisor,1,Yarko Petryshyn,Senior Policy Advisor,Yarko Petryshyn,Senior Policy Advisor
449015,2019-03-12,Yarko Petryshyn,Senior Policy Advisor,1,Yarko Petryshyn,Senior Policy Advisor,Yarko Petryshyn,Senior Policy Advisor
448535,2019-03-15,Yarko Petryshyn,Senior Policy Advisor,1,Yarko Petryshyn,Senior Policy Advisor,Yarko Petryshyn,Senior Policy Advisor
452047,2019-04-26,Yarko Petryshyn,Senior Policy Advisor,1,Yarko Petryshyn,Senior Policy Advisor,Yarko Petryshyn,Senior Policy Advisor
451508,2019-04-29,Yarko Petryshyn,Senior Policy Advisor,1,Yarko Petryshyn,Senior Policy Advisor,Yarko Petryshyn,Senior Policy Advisor
451100,2019-05-02,Yarko Petryshyn,Policy Advisor,1,Yarko Petryshyn,Policy Advisor,Yarko Petryshyn,Senior Policy Advisor
451642,2019-05-08,Yarko Petryshyn,Senior Policy Advisor,1,Yarko Petryshyn,Senior Policy Advisor,Yarko Petryshyn,Senior Policy Advisor
453068,2019-05-13,Yarko Petryshyn,Senior Policy Advisor,1,Yarko Petryshyn,Senior Policy Advisor,Yarko Petryshyn,Senior Policy Advisor
454267,2019-05-13,Yarko Petryshyn,Senior Policy Advisor,1,Yarko Petryshyn,Senior Policy Advisor,Yarko Petryshyn,Senior Policy Advisor
456167,2019-05-14,Yarko Petryshyn,Senior Policy Advisor,1,Yarko Petryshyn,Senior Policy Advisor,Yarko Petryshyn,Senior Policy Advisor
453852,2019-05-23,Yarko Petryshyn,Senior Policy Advisor,1,Yarko Petryshyn,Senior Policy Advisor,Yarko Petryshyn,Senior Policy Advisor
453966,2019-05-29,Yarko Petryshyn,Senior Policy Advisor,1,Yarko Petryshyn,Senior Policy Advisor,Yarko Petryshyn,Senior Policy Advisor
457133,2019-06-19,Yarko Petryshyn Petryshyn,Senior Policy Advisor,1,Yarko Petryshyn Petryshyn,Senior Policy Advisor,Yarko Petryshyn Petryshyn,Senior Policy Advisor
77780,2008-07-10,Yaroslav Baran,Director of Staff,1,Yaroslav Baran,Director of Staff,Yaroslav Baran,Chief of Staff
95418,2009-02-16,Yaroslav Baran,Chief of Staff,1,Yaroslav Baran,Chief of Staff,Yaroslav Baran,Chief of Staff
120906,2009-08-28,Yaroslav Baran,Chief of Staff,1,Yaroslav Baran,Chief of Staff,Yaroslav Baran,Chief of Staff
509568,2021-06-28,Yaseen Abdulhai,Parliamentary Intern,1,Yaseen Abdulhai,Parliamentary Intern,Yaseen Abdulhai,Parliamentary Intern
516806,2021-12-07,Yasha Dogra,Policy Advisor,1,Yasha Dogra,Policy Advisor,Yash Dogra,Policy Advisor
516811,2021-12-07,Yash Dogra,Policy Advisor,1,Yash Dogra,Policy Advisor,Yash Dogra,Policy Advisor
519159,2021-12-07,Yash Dogra,Policy Advisor,1,Yash Dogra,Policy Advisor,Yash Dogra,Policy Advisor
532376,2022-05-09,Yash  Nanda,Policy Advisor,1,Yash Nanda,Policy Advisor,Yash Nanda,Policy Advisor
552278,2022-12-01,Yash  Nanda,Policy Advisor,1,Yash Nanda,Policy Advisor,Yash Nanda,Policy Advisor
553894,2022-12-02,Yash  Nanda,Policy Advisor,1,Yash Nanda,Policy Advisor,Yash Nanda,Policy Advisor
582603,2023-10-03,Yash  Nanda,"Policy Advisor, Deputy Prime Minister and Minister of Finance",1,Yash Nanda,"Policy Advisor, Deputy Prime Minister and Minister of Finance",Yash Nanda,Policy Advisor
609146,2024-06-20,Yash  Nanda,Senior Policy Advisor,1,Yash Nanda,Senior Policy Advisor,Yash Nanda,Policy Advisor
623175,2024-10-22,Yash  Nanda,Director of Policy,1,Yash Nanda,Director of Policy,Yash Nanda,Policy Advisor
458135,2019-07-05,Yash Nanda,Student,1,Yash Nanda,Student,Yash Nanda,Policy Advisor
458621,2019-08-14,Yash Nanda,Intern,1,Yash Nanda,Intern,Yash Nanda,Policy Advisor
464086,2020-01-16,Yash Nanda,Special Assistant,1,Yash Nanda,Special Assistant,Yash Nanda,Policy Advisor
463447,2020-01-16,Yash Nanda,"Special Assistant, Policy",1,Yash Nanda,"Special Assistant, Policy",Yash Nanda,Policy Advisor
463026,2020-01-28,Yash Nanda,"Special Assistant, Policy",1,Yash Nanda,"Special Assistant, Policy",Yash Nanda,Policy Advisor
463072,2020-01-28,Yash Nanda,"Special Assistant, Policy",1,Yash Nanda,"Special Assistant, Policy",Yash Nanda,Policy Advisor
463215,2020-01-31,Yash Nanda,"Special Assistant, Policy",1,Yash Nanda,"Special Assistant, Policy",Yash Nanda,Policy Advisor
465114,2020-01-31,Yash Nanda,Special Assistant to the Minister,1,Yash Nanda,Special Assistant to the Minister,Yash Nanda,Policy Advisor
466538,2020-02-03,Yash Nanda,"Special Assistant, Policy",1,Yash Nanda,"Special Assistant, Policy",Yash Nanda,Policy Advisor
465694,2020-02-04,Yash Nanda,"Special Assistant, Office of the Minister of International Trade",1,Yash Nanda,"Special Assistant, Office of the Minister of International Trade",Yash Nanda,Policy Advisor
463723,2020-02-10,Yash Nanda,"Special Assistant, Policy",1,Yash Nanda,"Special Assistant, Policy",Yash Nanda,Policy Advisor
465620,2020-02-18,Yash Nanda,"Special Assistant, Policy",1,Yash Nanda,"Special Assistant, Policy",Yash Nanda,Policy Advisor
468650,2020-02-19,Yash Nanda,Special Assistant,1,Yash Nanda,Special Assistant,Yash Nanda,Policy Advisor
466779,2020-02-20,Yash Nanda,"Special Assistant, Policy",1,Yash Nanda,"Special Assistant, Policy",Yash Nanda,Policy Advisor
468363,2020-02-25,Yash Nanda,"Special Assistant, Policy",1,Yash Nanda,"Special Assistant, Policy",Yash Nanda,Policy Advisor
470478,2020-03-11,Yash Nanda,"Special Assistant, Policy",1,Yash Nanda,"Special Assistant, Policy",Yash Nanda,Policy Advisor
470001,2020-03-24,Yash Nanda,Special Assistant,1,Yash Nanda,Special Assistant,Yash Nanda,Policy Advisor
473352,2020-04-08,Yash Nanda,Special Assistant,1,Yash Nanda,Special Assistant,Yash Nanda,Policy Advisor
472865,2020-04-09,Yash Nanda,Policy Advisor,1,Yash Nanda,Policy Advisor,Yash Nanda,Policy Advisor
473594,2020-04-30,Yash Nanda,Special Assistant,1,Yash Nanda,Special Assistant,Yash Nanda,Policy Advisor
475484,2020-05-21,Yash Nanda,Special Assistant,1,Yash Nanda,Special Assistant,Yash Nanda,Policy Advisor
477420,2020-07-03,Yash Nanda,"Special Assistant, Policy",1,Yash Nanda,"Special Assistant, Policy",Yash Nanda,Policy Advisor
477114,2020-07-13,Yash Nanda,Policy Advisor,1,Yash Nanda,Policy Advisor,Yash Nanda,Policy Advisor
479029,2020-07-13,Yash Nanda,Policy Advisor,1,Yash Nanda,Policy Advisor,Yash Nanda,Policy Advisor
483885,2020-10-05,Yash Nanda,"Special Assistant, Minister of International Trade",1,Yash Nanda,"Special Assistant, Minister of International Trade",Yash Nanda,Policy Advisor
487391,2020-10-09,Yash Nanda,Special Assistant,1,Yash Nanda,Special Assistant,Yash Nanda,Policy Advisor
486608,2020-10-29,Yash Nanda,Special Assistant,1,Yash Nanda,Special Assistant,Yash Nanda,Policy Advisor
487242,2020-10-29,Yash Nanda,Special Assistant,1,Yash Nanda,Special Assistant,Yash Nanda,Policy Advisor
487577,2020-10-29,Yash Nanda,"Special Assistant, Policy",1,Yash Nanda,"Special Assistant, Policy",Yash Nanda,Policy Advisor
490422,2020-11-03,Yash Nanda,"Special Assistant, Policy",1,Yash Nanda,"Special Assistant, Policy",Yash Nanda,Policy Advisor
490610,2020-11-03,Yash Nanda,"Special Assistant, Policy",1,Yash Nanda,"Special Assistant, Policy",Yash Nanda,Policy Advisor
492265,2020-11-04,Yash Nanda,Special Assistant,1,Yash Nanda,Special Assistant,Yash Nanda,Policy Advisor
491614,2020-11-10,Yash Nanda,"Special Assistant, Policy",1,Yash Nanda,"Special Assistant, Policy",Yash Nanda,Policy Advisor
491422,2020-11-20,Yash Nanda,Special Assistant,1,Yash Nanda,Special Assistant,Yash Nanda,Policy Advisor
491472,2020-11-30,Yash Nanda,Policy Advisor,1,Yash Nanda,Policy Advisor,Yash Nanda,Policy Advisor
491444,2020-11-30,Yash Nanda,Special Assistant,1,Yash Nanda,Special Assistant,Yash Nanda,Policy Advisor
490152,2020-12-01,Yash Nanda,Advisor,1,Yash Nanda,Advisor,Yash Nanda,Policy Advisor
493208,2020-12-01,Yash Nanda,Special Assistant,1,Yash Nanda,Special Assistant,Yash Nanda,Policy Advisor
493498,2020-12-01,Yash Nanda,Special Assistant,1,Yash Nanda,Special Assistant,Yash Nanda,Policy Advisor
493215,2020-12-10,Yash Nanda,Special Assistant,1,Yash Nanda,Special Assistant,Yash Nanda,Policy Advisor
493231,2020-12-18,Yash Nanda,Special Assistant,1,Yash Nanda,Special Assistant,Yash Nanda,Policy Advisor
492477,2021-01-07,Yash Nanda,Special Assistant,1,Yash Nanda,Special Assistant,Yash Nanda,Policy Advisor
495593,2021-01-07,Yash Nanda,Special Assistant,1,Yash Nanda,Special Assistant,Yash Nanda,Policy Advisor
495597,2021-01-21,Yash Nanda,Special Assistant,1,Yash Nanda,Special Assistant,Yash Nanda,Policy Advisor
494259,2021-01-25,Yash Nanda,Policy Advisor,1,Yash Nanda,Policy Advisor,Yash Nanda,Policy Advisor
494699,2021-01-25,Yash Nanda,Policy Advisor,1,Yash Nanda,Policy Advisor,Yash Nanda,Policy Advisor
499036,2021-02-01,Yash Nanda,Special Assistant,1,Yash Nanda,Special Assistant,Yash Nanda,Policy Advisor
495111,2021-02-09,Yash Nanda,Policy Advisor,1,Yash Nanda,Policy Advisor,Yash Nanda,Policy Advisor
499364,2021-02-11,Yash Nanda,Policy Advisor,1,Yash Nanda,Policy Advisor,Yash Nanda,Policy Advisor
496815,2021-02-25,Yash Nanda,Policy Advisor,1,Yash Nanda,Policy Advisor,Yash Nanda,Policy Advisor
499010,2021-02-25,Yash Nanda,Policy Advisor,1,Yash Nanda,Policy Advisor,Yash Nanda,Policy Advisor
501380,2021-03-02,Yash Nanda,Policy Advisor,1,Yash Nanda,Policy Advisor,Yash Nanda,Policy Advisor
501784,2021-03-05,Yash Nanda,Policy Advisor,1,Yash Nanda,Policy Advisor,Yash Nanda,Policy Advisor
498724,2021-03-08,Yash Nanda,Policy Advisor,1,Yash Nanda,Policy Advisor,Yash Nanda,Policy Advisor
500002,2021-03-08,Yash Nanda,Policy Advisor,1,Yash Nanda,Policy Advisor,Yash Nanda,Policy Advisor
501800,2021-03-11,Yash Nanda,Policy Advisor,1,Yash Nanda,Policy Advisor,Yash Nanda,Policy Advisor
500841,2021-03-12,Yash Nanda,Policy Advisor,1,Yash Nanda,Policy Advisor,Yash Nanda,Policy Advisor
502817,2021-03-12,Yash Nanda,Senior Policy Advisor,1,Yash Nanda,Senior Policy Advisor,Yash Nanda,Policy Advisor
500052,2021-03-22,Yash Nanda,Policy Advisor,1,Yash Nanda,Policy Advisor,Yash Nanda,Policy Advisor
500053,2021-03-22,Yash Nanda,Policy Advisor,1,Yash Nanda,Policy Advisor,Yash Nanda,Policy Advisor
500135,2021-03-22,Yash Nanda,Policy Advisor,1,Yash Nanda,Policy Advisor,Yash Nanda,Policy Advisor
502843,2021-03-23,Yash Nanda,Senior Policy Advisor,1,Yash Nanda,Senior Policy Advisor,Yash Nanda,Policy Advisor
501853,2021-03-25,Yash Nanda,Policy Advisor,1,Yash Nanda,Policy Advisor,Yash Nanda,Policy Advisor
504967,2021-04-09,Yash Nanda,Policy Advisor,1,Yash Nanda,Policy Advisor,Yash Nanda,Policy Advisor
505011,2021-04-19,Yash Nanda,Policy Advisor,1,Yash Nanda,Policy Advisor,Yash Nanda,Policy Advisor
505061,2021-04-19,Yash Nanda,Policy Advisor,1,Yash Nanda,Policy Advisor,Yash Nanda,Policy Advisor
504715,2021-04-20,Yash Nanda,Policy Advisor,1,Yash Nanda,Policy Advisor,Yash Nanda,Policy Advisor
505013,2021-04-20,Yash Nanda,Policy Advisor,1,Yash Nanda,Policy Advisor,Yash Nanda,Policy Advisor
503438,2021-04-20,Yash Nanda,"Special Assistant, Regional Affairs Ontario",1,Yash Nanda,"Special Assistant, Regional Affairs Ontario",Yash Nanda,Policy Advisor
505032,2021-04-21,Yash Nanda,Policy Advisor,1,Yash Nanda,Policy Advisor,Yash Nanda,Policy Advisor
503190,2021-04-22,Yash Nanda,Policy Advisor,1,Yash Nanda,Policy Advisor,Yash Nanda,Policy Advisor
503922,2021-04-22,Yash Nanda,Policy Advisor,1,Yash Nanda,Policy Advisor,Yash Nanda,Policy Advisor
503449,2021-04-23,Yash Nanda,Policy Advisor,1,Yash Nanda,Policy Advisor,Yash Nanda,Policy Advisor
503844,2021-04-29,Yash Nanda,Policy Advisor,1,Yash Nanda,Policy Advisor,Yash Nanda,Policy Advisor
507260,2021-05-03,Yash Nanda,Policy Advisor,1,Yash Nanda,Policy Advisor,Yash Nanda,Policy Advisor
503561,2021-05-04,Yash Nanda,Policy Advisor,1,Yash Nanda,Policy Advisor,Yash Nanda,Policy Advisor
508430,2021-05-06,Yash Nanda,Policy Advisor,1,Yash Nanda,Policy Advisor,Yash Nanda,Policy Advisor
507888,2021-05-14,Yash Nanda,Special Assistant,1,Yash Nanda,Special Assistant,Yash Nanda,Policy Advisor
507057,2021-05-20,Yash Nanda,Policy Advisor,1,Yash Nanda,Policy Advisor,Yash Nanda,Policy Advisor
508463,2021-05-25,Yash Nanda,Policy Advisor,1,Yash Nanda,Policy Advisor,Yash Nanda,Policy Advisor
508942,2021-05-25,Yash Nanda,Policy Advisor,1,Yash Nanda,Policy Advisor,Yash Nanda,Policy Advisor
508447,2021-05-27,Yash Nanda,Policy Advisor,1,Yash Nanda,Policy Advisor,Yash Nanda,Policy Advisor
509572,2021-06-28,Yash Nanda,Policy Advisor,1,Yash Nanda,Policy Advisor,Yash Nanda,Policy Advisor
510859,2021-07-05,Yash Nanda,Policy Advisor,1,Yash Nanda,Policy Advisor,Yash Nanda,Policy Advisor
512851,2021-07-05,Yash Nanda,Special Assistant,1,Yash Nanda,Special Assistant,Yash Nanda,Policy Advisor
513509,2021-08-12,Yash Nanda,Policy Advisor,1,Yash Nanda,Policy Advisor,Yash Nanda,Policy Advisor
513816,2021-08-12,Yash Nanda,Policy Advisor,1,Yash Nanda,Policy Advisor,Yash Nanda,Policy Advisor
514033,2021-08-12,Yash Nanda,Policy Advisor,1,Yash Nanda,Policy Advisor,Yash Nanda,Policy Advisor
513760,2021-08-12,Yash Nanda,Special Assistant,1,Yash Nanda,Special Assistant,Yash Nanda,Policy Advisor
515527,2021-10-21,Yash Nanda,Policy Advisor,1,Yash Nanda,Policy Advisor,Yash Nanda,Policy Advisor
516165,2021-11-12,Yash Nanda,Policy Advisor,1,Yash Nanda,Policy Advisor,Yash Nanda,Policy Advisor
517345,2021-11-18,Yash Nanda,Policy Advisor,1,Yash Nanda,Policy Advisor,Yash Nanda,Policy Advisor
517548,2021-11-23,Yash Nanda,Policy Advisor,1,Yash Nanda,Policy Advisor,Yash Nanda,Policy Advisor
516257,2021-11-23,Yash Nanda,Senior Policy Advisor,1,Yash Nanda,Senior Policy Advisor,Yash Nanda,Policy Advisor
516304,2021-11-23,Yash Nanda,Senior Policy Advisor,1,Yash Nanda,Senior Policy Advisor,Yash Nanda,Policy Advisor
517486,2021-11-24,Yash Nanda,Policy Advisor,1,Yash Nanda,Policy Advisor,Yash Nanda,Policy Advisor
517549,2021-11-24,Yash Nanda,Policy Advisor,1,Yash Nanda,Policy Advisor,Yash Nanda,Policy Advisor
516460,2021-11-25,Yash Nanda,Policy Advisor,1,Yash Nanda,Policy Advisor,Yash Nanda,Policy Advisor
517480,2021-11-29,Yash Nanda,Policy Advisor,1,Yash Nanda,Policy Advisor,Yash Nanda,Policy Advisor
517551,2021-11-29,Yash Nanda,Policy Advisor,1,Yash Nanda,Policy Advisor,Yash Nanda,Policy Advisor
516758,2021-12-03,Yash Nanda,Policy Advisor,1,Yash Nanda,Policy Advisor,Yash Nanda,Policy Advisor
518975,2021-12-09,Yash Nanda,Policy Advisor,1,Yash Nanda,Policy Advisor,Yash Nanda,Policy Advisor
517507,2021-12-10,Yash Nanda,Policy Advisor,1,Yash Nanda,Policy Advisor,Yash Nanda,Policy Advisor
518965,2021-12-14,Yash Nanda,Policy Advisor,1,Yash Nanda,Policy Advisor,Yash Nanda,Policy Advisor
519692,2021-12-14,Yash Nanda,Policy Advisor,1,Yash Nanda,Policy Advisor,Yash Nanda,Policy Advisor
520051,2021-12-14,Yash Nanda,Policy Advisor,1,Yash Nanda,Policy Advisor,Yash Nanda,Policy Advisor
518694,2021-12-17,Yash Nanda,Policy Advisor,1,Yash Nanda,Policy Advisor,Yash Nanda,Policy Advisor
519701,2021-12-21,Yash Nanda,Policy Advisor,1,Yash Nanda,Policy Advisor,Yash Nanda,Policy Advisor
519702,2021-12-22,Yash Nanda,Policy Advisor,1,Yash Nanda,Policy Advisor,Yash Nanda,Policy Advisor
522414,2022-01-07,Yash Nanda,Policy Advisor,1,Yash Nanda,Policy Advisor,Yash Nanda,Policy Advisor
522047,2022-01-26,Yash Nanda,Policy Advisor,1,Yash Nanda,Policy Advisor,Yash Nanda,Policy Advisor
522736,2022-01-28,Yash Nanda,Policy Advisor,1,Yash Nanda,Policy Advisor,Yash Nanda,Policy Advisor
523411,2022-02-04,Yash Nanda,"Minister, Finance",1,Yash Nanda,"Minister, Finance",Yash Nanda,Policy Advisor
521147,2022-02-04,Yash Nanda,Policy Advisor,1,Yash Nanda,Policy Advisor,Yash Nanda,Policy Advisor
521711,2022-02-04,Yash Nanda,Policy Advisor,1,Yash Nanda,Policy Advisor,Yash Nanda,Policy Advisor
524414,2022-02-04,Yash Nanda,Policy Advisor,1,Yash Nanda,Policy Advisor,Yash Nanda,Policy Advisor
524878,2022-02-04,Yash Nanda,Policy Advisor,1,Yash Nanda,Policy Advisor,Yash Nanda,Policy Advisor
525177,2022-02-04,Yash Nanda,Policy Advisor,1,Yash Nanda,Policy Advisor,Yash Nanda,Policy Advisor
525656,2022-02-04,Yash Nanda,Policy Advisor,1,Yash Nanda,Policy Advisor,Yash Nanda,Policy Advisor
526288,2022-02-04,Yash Nanda,Policy Advisor,1,Yash Nanda,Policy Advisor,Yash Nanda,Policy Advisor
526460,2022-02-04,Yash Nanda,Policy Advisor,1,Yash Nanda,Policy Advisor,Yash Nanda,Policy Advisor
527127,2022-02-04,Yash Nanda,Policy Advisor,1,Yash Nanda,Policy Advisor,Yash Nanda,Policy Advisor
525365,2022-02-04,Yash Nanda,"Policy Advisor, Office of the Deputy Prime Minister and Minister of Finance",1,Yash Nanda,"Policy Advisor, Office of the Deputy Prime Minister and Minister of Finance",Yash Nanda,Policy Advisor
526599,2022-02-04,Yash Nanda,Senior Policy Advisor,1,Yash Nanda,Senior Policy Advisor,Yash Nanda,Policy Advisor
525703,2022-02-09,Yash Nanda,Policy Advisor,1,Yash Nanda,Policy Advisor,Yash Nanda,Policy Advisor
526018,2022-02-09,Yash Nanda,Policy Advisor,1,Yash Nanda,Policy Advisor,Yash Nanda,Policy Advisor
522343,2022-02-11,Yash Nanda,Special Assistant,1,Yash Nanda,Special Assistant,Yash Nanda,Policy Advisor
526469,2022-02-14,Yash Nanda,Policy Advisor,1,Yash Nanda,Policy Advisor,Yash Nanda,Policy Advisor
528399,2022-03-04,Yash Nanda,Policy Advisor,1,Yash Nanda,Policy Advisor,Yash Nanda,Policy Advisor
528194,2022-03-08,Yash Nanda,Policy Advisor,1,Yash Nanda,Policy Advisor,Yash Nanda,Policy Advisor
529066,2022-03-08,Yash Nanda,Policy Advisor,1,Yash Nanda,Policy Advisor,Yash Nanda,Policy Advisor
529176,2022-03-08,Yash Nanda,Policy Advisor,1,Yash Nanda,Policy Advisor,Yash Nanda,Policy Advisor
528851,2022-03-08,Yash Nanda,"Policy Advisor, Office of the Deputy Prime Minister and Minister of Finance",1,Yash Nanda,"Policy Advisor, Office of the Deputy Prime Minister and Minister of Finance",Yash Nanda,Policy Advisor
527313,2022-03-09,Yash Nanda,Policy Advisor,1,Yash Nanda,Policy Advisor,Yash Nanda,Policy Advisor
528072,2022-03-10,Yash Nanda,Senior Policy Advisor to the Minister of Finance,1,Yash Nanda,Senior Policy Advisor to the Minister of Finance,Yash Nanda,Policy Advisor
529331,2022-03-11,Yash Nanda,Policy Advisor,1,Yash Nanda,Policy Advisor,Yash Nanda,Policy Advisor
526356,2022-03-11,Yash Nanda,Senior Policy Advisor,1,Yash Nanda,Senior Policy Advisor,Yash Nanda,Policy Advisor
528921,2022-03-31,Yash Nanda,Policy Advisor,1,Yash Nanda,Policy Advisor,Yash Nanda,Policy Advisor
529656,2022-04-01,Yash Nanda,Policy Advisor,1,Yash Nanda,Policy Advisor,Yash Nanda,Policy Advisor
531182,2022-04-01,Yash Nanda,Policy Advisor,1,Yash Nanda,Policy Advisor,Yash Nanda,Policy Advisor
530920,2022-04-07,Yash Nanda,Senior Policy Advisor,1,Yash Nanda,Senior Policy Advisor,Yash Nanda,Policy Advisor
530940,2022-05-02,Yash Nanda,"Policy Advisor, Office of the Deputy Prime Minister and Minister of Finance",1,Yash Nanda,"Policy Advisor, Office of the Deputy Prime Minister and Minister of Finance",Yash Nanda,Policy Advisor
530736,2022-05-03,Yash Nanda,Policy Advisor,1,Yash Nanda,Policy Advisor,Yash Nanda,Policy Advisor
531073,2022-05-03,Yash Nanda,Policy Advisor,1,Yash Nanda,Policy Advisor,Yash Nanda,Policy Advisor
544974,2022-05-03,Yash Nanda,Policy Advisor,1,Yash Nanda,Policy Advisor,Yash Nanda,Policy Advisor
534382,2022-05-05,Yash Nanda,Policy Advisor,1,Yash Nanda,Policy Advisor,Yash Nanda,Policy Advisor
535538,2022-05-09,Yash Nanda,Senior Policy Advisor,1,Yash Nanda,Senior Policy Advisor,Yash Nanda,Policy Advisor
538356,2022-05-09,Yash Nanda,Senior Policy Advisor,1,Yash Nanda,Senior Policy Advisor,Yash Nanda,Policy Advisor
533566,2022-05-19,Yash Nanda,Policy Advisor,1,Yash Nanda,Policy Advisor,Yash Nanda,Policy Advisor
535980,2022-05-19,Yash Nanda,Policy Advisor,1,Yash Nanda,Policy Advisor,Yash Nanda,Policy Advisor
532871,2022-05-25,Yash Nanda,Senior Policy Advisor,1,Yash Nanda,Senior Policy Advisor,Yash Nanda,Policy Advisor
534502,2022-05-30,Yash Nanda,Policy Advisor,1,Yash Nanda,Policy Advisor,Yash Nanda,Policy Advisor
533084,2022-05-31,Yash Nanda,Policy Advisor,1,Yash Nanda,Policy Advisor,Yash Nanda,Policy Advisor
534742,2022-05-31,Yash Nanda,Policy Advisor,1,Yash Nanda,Policy Advisor,Yash Nanda,Policy Advisor
534921,2022-05-31,Yash Nanda,Senior Policy Advisor,1,Yash Nanda,Senior Policy Advisor,Yash Nanda,Policy Advisor
535254,2022-05-31,Yash Nanda,Senior Policy Advisor,1,Yash Nanda,Senior Policy Advisor,Yash Nanda,Policy Advisor
534703,2022-05-31,Yash Nanda,"Senior Policy Advisor, Office of the Minister of Finance",1,Yash Nanda,"Senior Policy Advisor, Office of the Minister of Finance",Yash Nanda,Policy Advisor
535630,2022-06-06,Yash Nanda,Policy Advisor,1,Yash Nanda,Policy Advisor,Yash Nanda,Policy Advisor
538518,2022-06-14,Yash Nanda,Policy Advisor,1,Yash Nanda,Policy Advisor,Yash Nanda,Policy Advisor
535279,2022-06-15,Yash Nanda,Policy Advisor,1,Yash Nanda,Policy Advisor,Yash Nanda,Policy Advisor
537428,2022-06-15,Yash Nanda,Policy Advisor,1,Yash Nanda,Policy Advisor,Yash Nanda,Policy Advisor
535930,2022-06-16,Yash Nanda,Policy Advisor,1,Yash Nanda,Policy Advisor,Yash Nanda,Policy Advisor
536288,2022-06-16,Yash Nanda,Senior Policy Advisor,1,Yash Nanda,Senior Policy Advisor,Yash Nanda,Policy Advisor
536011,2022-06-17,Yash Nanda,Senior Advisor,1,Yash Nanda,Senior Advisor,Yash Nanda,Policy Advisor
536012,2022-06-17,Yash Nanda,Senior Advisor,1,Yash Nanda,Senior Advisor,Yash Nanda,Policy Advisor
536684,2022-06-22,Yash Nanda,Policy Advisor,1,Yash Nanda,Policy Advisor,Yash Nanda,Policy Advisor
537322,2022-06-30,Yash Nanda,Senior Policy Advisor to the Minister of Finance,1,Yash Nanda,Senior Policy Advisor to the Minister of Finance,Yash Nanda,Policy Advisor
539223,2022-07-12,Yash Nanda,Senior Policy Advisor,1,Yash Nanda,Senior Policy Advisor,Yash Nanda,Policy Advisor
538692,2022-07-19,Yash Nanda,"Policy Advisor, Health",1,Yash Nanda,"Policy Advisor, Health",Yash Nanda,Policy Advisor
539642,2022-07-21,Yash Nanda,Policy Advisor,1,Yash Nanda,Policy Advisor,Yash Nanda,Policy Advisor
538993,2022-08-02,Yash Nanda,"Special Assistant, Policy",1,Yash Nanda,"Special Assistant, Policy",Yash Nanda,Policy Advisor
541527,2022-08-03,Yash Nanda,Policy Advisor,1,Yash Nanda,Policy Advisor,Yash Nanda,Policy Advisor
541705,2022-08-03,Yash Nanda,Policy Advisor,1,Yash Nanda,Policy Advisor,Yash Nanda,Policy Advisor
539492,2022-08-10,Yash Nanda,Senior Policy Advisor,1,Yash Nanda,Senior Policy Advisor,Yash Nanda,Policy Advisor
540598,2022-08-11,Yash Nanda,Policy Advisor,1,Yash Nanda,Policy Advisor,Yash Nanda,Policy Advisor
540599,2022-08-11,Yash Nanda,Policy Advisor,1,Yash Nanda,Policy Advisor,Yash Nanda,Policy Advisor
540931,2022-08-15,Yash Nanda,Policy Advisor,1,Yash Nanda,Policy Advisor,Yash Nanda,Policy Advisor
540319,2022-08-16,Yash Nanda,Policy Advisor,1,Yash Nanda,Policy Advisor,Yash Nanda,Policy Advisor
541354,2022-08-22,Yash Nanda,Policy Advisor,1,Yash Nanda,Policy Advisor,Yash Nanda,Policy Advisor
540551,2022-08-26,Yash Nanda,Senior Policy Advisor,1,Yash Nanda,Senior Policy Advisor,Yash Nanda,Policy Advisor
543432,2022-09-20,Yash Nanda,Policy Advisor,1,Yash Nanda,Policy Advisor,Yash Nanda,Policy Advisor
543071,2022-09-21,Yash Nanda,Policy Advisor,1,Yash Nanda,Policy Advisor,Yash Nanda,Policy Advisor
542309,2022-09-27,Yash Nanda,"Special Assistant, Policy",1,Yash Nanda,"Special Assistant, Policy",Yash Nanda,Policy Advisor
547642,2022-10-03,Yash Nanda,Senior Policy Advisor,1,Yash Nanda,Senior Policy Advisor,Yash Nanda,Policy Advisor
547125,2022-10-06,Yash Nanda,Policy Advisor,1,Yash Nanda,Policy Advisor,Yash Nanda,Policy Advisor
546666,2022-10-17,Yash Nanda,Senior Policy Advisor,1,Yash Nanda,Senior Policy Advisor,Yash Nanda,Policy Advisor
545775,2022-10-18,Yash Nanda,Senior Policy Advisor,1,Yash Nanda,Senior Policy Advisor,Yash Nanda,Policy Advisor
546000,2022-10-18,Yash Nanda,Senior Policy Advisor,1,Yash Nanda,Senior Policy Advisor,Yash Nanda,Policy Advisor
546137,2022-10-19,Yash Nanda,Policy Advisor,1,Yash Nanda,Policy Advisor,Yash Nanda,Policy Advisor
544827,2022-10-19,Yash Nanda,Senior Policy Advisor,1,Yash Nanda,Senior Policy Advisor,Yash Nanda,Policy Advisor
546432,2022-10-20,Yash Nanda,Policy Advisor,1,Yash Nanda,Policy Advisor,Yash Nanda,Policy Advisor
545489,2022-10-20,Yash Nanda,Senior Policy Advisor,1,Yash Nanda,Senior Policy Advisor,Yash Nanda,Policy Advisor
544961,2022-10-25,Yash Nanda,Policy Advisor,1,Yash Nanda,Policy Advisor,Yash Nanda,Policy Advisor
545707,2022-10-25,Yash Nanda,Policy Advisor,1,Yash Nanda,Policy Advisor,Yash Nanda,Policy Advisor
545784,2022-10-25,Yash Nanda,Policy Advisor,1,Yash Nanda,Policy Advisor,Yash Nanda,Policy Advisor
545678,2022-10-25,Yash Nanda,Senior Policy Advisor,1,Yash Nanda,Senior Policy Advisor,Yash Nanda,Policy Advisor
545717,2022-10-25,Yash Nanda,Senior Policy Advisor,1,Yash Nanda,Senior Policy Advisor,Yash Nanda,Policy Advisor
546321,2022-10-25,Yash Nanda,Senior Policy Advisor,1,Yash Nanda,Senior Policy Advisor,Yash Nanda,Policy Advisor
547618,2022-10-25,Yash Nanda,Senior Policy Advisor,1,Yash Nanda,Senior Policy Advisor,Yash Nanda,Policy Advisor
553304,2022-11-01,Yash Nanda,Policy Advisor,1,Yash Nanda,Policy Advisor,Yash Nanda,Policy Advisor
550915,2022-11-01,Yash Nanda,Senior Policy Advisor,1,Yash Nanda,Senior Policy Advisor,Yash Nanda,Policy Advisor
551111,2022-11-02,Yash Nanda,Policy Advisor,1,Yash Nanda,Policy Advisor,Yash Nanda,Policy Advisor
547969,2022-11-11,Yash Nanda,Policy Advisor,1,Yash Nanda,Policy Advisor,Yash Nanda,Policy Advisor
547971,2022-11-11,Yash Nanda,Policy Advisor,1,Yash Nanda,Policy Advisor,Yash Nanda,Policy Advisor
549551,2022-11-11,Yash Nanda,Policy Advisor,1,Yash Nanda,Policy Advisor,Yash Nanda,Policy Advisor
549834,2022-11-11,Yash Nanda,Policy Advisor,1,Yash Nanda,Policy Advisor,Yash Nanda,Policy Advisor
546187,2022-11-11,Yash Nanda,Senior Policy Advisor,1,Yash Nanda,Senior Policy Advisor,Yash Nanda,Policy Advisor
547938,2022-11-14,Yash Nanda,Policy Advisor,1,Yash Nanda,Policy Advisor,Yash Nanda,Policy Advisor
547978,2022-11-14,Yash Nanda,Policy Advisor,1,Yash Nanda,Policy Advisor,Yash Nanda,Policy Advisor
554279,2022-11-14,Yash Nanda,Senior Policy Advisor,1,Yash Nanda,Senior Policy Advisor,Yash Nanda,Policy Advisor
547965,2022-11-15,Yash Nanda,Policy Advisor,1,Yash Nanda,Policy Advisor,Yash Nanda,Policy Advisor
549878,2022-11-15,Yash Nanda,Policy Advisor,1,Yash Nanda,Policy Advisor,Yash Nanda,Policy Advisor
551818,2022-11-15,Yash Nanda,Senior Policy Advisor,1,Yash Nanda,Senior Policy Advisor,Yash Nanda,Policy Advisor
551118,2022-11-16,Yash Nanda,Policy Advisor,1,Yash Nanda,Policy Advisor,Yash Nanda,Policy Advisor
552126,2022-11-16,Yash Nanda,Senior Policy Advisor,1,Yash Nanda,Senior Policy Advisor,Yash Nanda,Policy Advisor
548699,2022-11-21,Yash Nanda,Policy Advisor,1,Yash Nanda,Policy Advisor,Yash Nanda,Policy Advisor
548950,2022-11-21,Yash Nanda,Policy Advisor,1,Yash Nanda,Policy Advisor,Yash Nanda,Policy Advisor
551628,2022-11-23,Yash Nanda,Senior Policy Advisor,1,Yash Nanda,Senior Policy Advisor,Yash Nanda,Policy Advisor
551490,2022-11-25,Yash Nanda,Policy Advisor,1,Yash Nanda,Policy Advisor,Yash Nanda,Policy Advisor
548519,2022-11-25,Yash Nanda,Senior Policy Advisor,1,Yash Nanda,Senior Policy Advisor,Yash Nanda,Policy Advisor
549422,2022-11-30,Yash Nanda,Policy Advisor,1,Yash Nanda,Policy Advisor,Yash Nanda,Policy Advisor
550545,2022-11-30,Yash Nanda,Policy Advisor,1,Yash Nanda,Policy Advisor,Yash Nanda,Policy Advisor
553219,2022-12-02,Yash Nanda,Policy Advisor,1,Yash Nanda,Policy Advisor,Yash Nanda,Policy Advisor
553468,2022-12-02,Yash Nanda,Policy Advisor,1,Yash Nanda,Policy Advisor,Yash Nanda,Policy Advisor
553599,2022-12-02,Yash Nanda,Policy Advisor,1,Yash Nanda,Policy Advisor,Yash Nanda,Policy Advisor
548867,2022-12-02,Yash Nanda,Senior Policy Advisor,1,Yash Nanda,Senior Policy Advisor,Yash Nanda,Policy Advisor
553194,2022-12-02,Yash Nanda,Senior Policy Advisor,1,Yash Nanda,Senior Policy Advisor,Yash Nanda,Policy Advisor
552655,2022-12-06,Yash Nanda,Policy Advisor,1,Yash Nanda,Policy Advisor,Yash Nanda,Policy Advisor
549603,2022-12-06,Yash Nanda,Senior Advisor,1,Yash Nanda,Senior Advisor,Yash Nanda,Policy Advisor
552324,2022-12-06,Yash Nanda,Senior Policy Advisor,1,Yash Nanda,Senior Policy Advisor,Yash Nanda,Policy Advisor
550150,2022-12-07,Yash Nanda,Policy Advisor,1,Yash Nanda,Policy Advisor,Yash Nanda,Policy Advisor
550186,2022-12-12,Yash Nanda,Policy Advisor,1,Yash Nanda,Policy Advisor,Yash Nanda,Policy Advisor
552628,2022-12-12,Yash Nanda,Policy Advisor,1,Yash Nanda,Policy Advisor,Yash Nanda,Policy Advisor
553244,2022-12-12,Yash Nanda,Policy Advisor,1,Yash Nanda,Policy Advisor,Yash Nanda,Policy Advisor
553323,2022-12-12,Yash Nanda,Policy Advisor,1,Yash Nanda,Policy Advisor,Yash Nanda,Policy Advisor
553896,2022-12-12,Yash Nanda,Policy Advisor,1,Yash Nanda,Policy Advisor,Yash Nanda,Policy Advisor
552334,2022-12-15,Yash Nanda,Policy Advisor,1,Yash Nanda,Policy Advisor,Yash Nanda,Policy Advisor
552518,2022-12-19,Yash Nanda,Policy Advisor,1,Yash Nanda,Policy Advisor,Yash Nanda,Policy Advisor
552542,2022-12-19,Yash Nanda,Policy Advisor,1,Yash Nanda,Policy Advisor,Yash Nanda,Policy Advisor
554101,2022-12-20,Yash Nanda,Policy Advisor,1,Yash Nanda,Policy Advisor,Yash Nanda,Policy Advisor
553004,2022-12-21,Yash Nanda,Policy Advisor,1,Yash Nanda,Policy Advisor,Yash Nanda,Policy Advisor
553438,2022-12-21,Yash Nanda,Senior Policy Advisor,1,Yash Nanda,Senior Policy Advisor,Yash Nanda,Policy Advisor
555446,2023-01-10,Yash Nanda,Policy Advisor,1,Yash Nanda,Policy Advisor,Yash Nanda,Policy Advisor
556200,2023-01-10,Yash Nanda,Policy Advisor,1,Yash Nanda,Policy Advisor,Yash Nanda,Policy Advisor
556107,2023-01-16,Yash Nanda,Director of Policy,1,Yash Nanda,Director of Policy,Yash Nanda,Policy Advisor
556093,2023-01-16,Yash Nanda,Policy Advisor,1,Yash Nanda,Policy Advisor,Yash Nanda,Policy Advisor
554820,2023-01-17,Yash Nanda,Policy Advisor,1,Yash Nanda,Policy Advisor,Yash Nanda,Policy Advisor
556231,2023-01-17,Yash Nanda,Policy Advisor,1,Yash Nanda,Policy Advisor,Yash Nanda,Policy Advisor
556512,2023-01-17,Yash Nanda,Policy Advisor,1,Yash Nanda,Policy Advisor,Yash Nanda,Policy Advisor
556254,2023-01-18,Yash Nanda,Policy Advisor,1,Yash Nanda,Policy Advisor,Yash Nanda,Policy Advisor
556048,2023-01-19,Yash Nanda,Policy Advisor,1,Yash Nanda,Policy Advisor,Yash Nanda,Policy Advisor
556864,2023-01-19,Yash Nanda,Senior Advisor,1,Yash Nanda,Senior Advisor,Yash Nanda,Policy Advisor
555858,2023-01-24,Yash Nanda,Policy Advisor,1,Yash Nanda,Policy Advisor,Yash Nanda,Policy Advisor
555860,2023-01-24,Yash Nanda,Policy Advisor,1,Yash Nanda,Policy Advisor,Yash Nanda,Policy Advisor
556515,2023-01-26,Yash Nanda,Senior Policy Advisor,1,Yash Nanda,Senior Policy Advisor,Yash Nanda,Policy Advisor
556781,2023-01-30,Yash Nanda,Policy Advisor,1,Yash Nanda,Policy Advisor,Yash Nanda,Policy Advisor
554923,2023-01-31,Yash Nanda,Policy Advisor,1,Yash Nanda,Policy Advisor,Yash Nanda,Policy Advisor
558808,2023-01-31,Yash Nanda,Policy Advisor,1,Yash Nanda,Policy Advisor,Yash Nanda,Policy Advisor
559067,2023-02-02,Yash Nanda,Policy Advisor,1,Yash Nanda,Policy Advisor,Yash Nanda,Policy Advisor
557686,2023-02-03,Yash Nanda,Policy Advisor,1,Yash Nanda,Policy Advisor,Yash Nanda,Policy Advisor
558812,2023-02-03,Yash Nanda,Policy Advisor,1,Yash Nanda,Policy Advisor,Yash Nanda,Policy Advisor
558861,2023-02-03,Yash Nanda,Policy Advisor,1,Yash Nanda,Policy Advisor,Yash Nanda,Policy Advisor
558132,2023-02-10,Yash Nanda,Policy Advisor,1,Yash Nanda,Policy Advisor,Yash Nanda,Policy Advisor
559457,2023-02-14,Yash Nanda,Policy Advisor,1,Yash Nanda,Policy Advisor,Yash Nanda,Policy Advisor
591160,2023-02-14,Yash Nanda,Policy Advisor,1,Yash Nanda,Policy Advisor,Yash Nanda,Policy Advisor
556852,2023-02-14,Yash Nanda,Senior Policy Advisor,1,Yash Nanda,Senior Policy Advisor,Yash Nanda,Policy Advisor
557034,2023-02-14,Yash Nanda,Senior Policy Advisor,1,Yash Nanda,Senior Policy Advisor,Yash Nanda,Policy Advisor
558164,2023-02-14,Yash Nanda,Senior Policy Advisor,1,Yash Nanda,Senior Policy Advisor,Yash Nanda,Policy Advisor
559815,2023-02-16,Yash Nanda,Policy Advisor,1,Yash Nanda,Policy Advisor,Yash Nanda,Policy Advisor
558363,2023-02-24,Yash Nanda,Policy Advisor,1,Yash Nanda,Policy Advisor,Yash Nanda,Policy Advisor
558369,2023-02-28,Yash Nanda,Policy Advisor,1,Yash Nanda,Policy Advisor,Yash Nanda,Policy Advisor
559362,2023-02-28,Yash Nanda,Policy Advisor,1,Yash Nanda,Policy Advisor,Yash Nanda,Policy Advisor
558708,2023-03-09,Yash Nanda,Policy Advisor,1,Yash Nanda,Policy Advisor,Yash Nanda,Policy Advisor
559046,2023-03-09,Yash Nanda,Policy Advisor,1,Yash Nanda,Policy Advisor,Yash Nanda,Policy Advisor
561329,2023-03-09,Yash Nanda,Policy Advisor,1,Yash Nanda,Policy Advisor,Yash Nanda,Policy Advisor
561953,2023-03-09,Yash Nanda,Policy Advisor,1,Yash Nanda,Policy Advisor,Yash Nanda,Policy Advisor
561997,2023-03-09,Yash Nanda,Policy Advisor,1,Yash Nanda,Policy Advisor,Yash Nanda,Policy Advisor
562167,2023-03-09,Yash Nanda,Policy Advisor,1,Yash Nanda,Policy Advisor,Yash Nanda,Policy Advisor
562984,2023-03-09,Yash Nanda,Policy Advisor,1,Yash Nanda,Policy Advisor,Yash Nanda,Policy Advisor
618725,2023-03-09,Yash Nanda,Policy Advisor,1,Yash Nanda,Policy Advisor,Yash Nanda,Policy Advisor
561999,2023-03-14,Yash Nanda,Policy Advisor,1,Yash Nanda,Policy Advisor,Yash Nanda,Policy Advisor
560683,2023-03-17,Yash Nanda,Policy Advisor,1,Yash Nanda,Policy Advisor,Yash Nanda,Policy Advisor
560687,2023-03-17,Yash Nanda,Policy Advisor,1,Yash Nanda,Policy Advisor,Yash Nanda,Policy Advisor
566410,2023-03-17,Yash Nanda,Policy Advisor,1,Yash Nanda,Policy Advisor,Yash Nanda,Policy Advisor
561158,2023-03-28,Yash Nanda,Policy Advisor,1,Yash Nanda,Policy Advisor,Yash Nanda,Policy Advisor
562283,2023-03-28,Yash Nanda,Senior Policy Advisor,1,Yash Nanda,Senior Policy Advisor,Yash Nanda,Policy Advisor
561632,2023-03-30,Yash Nanda,Policy Advisor,1,Yash Nanda,Policy Advisor,Yash Nanda,Policy Advisor
564061,2023-04-17,Yash Nanda,Policy Advisor,1,Yash Nanda,Policy Advisor,Yash Nanda,Policy Advisor
564074,2023-04-17,Yash Nanda,Policy Advisor,1,Yash Nanda,Policy Advisor,Yash Nanda,Policy Advisor
564115,2023-04-17,Yash Nanda,Policy Advisor,1,Yash Nanda,Policy Advisor,Yash Nanda,Policy Advisor
563452,2023-04-18,Yash Nanda,Policy Advisor,1,Yash Nanda,Policy Advisor,Yash Nanda,Policy Advisor
565574,2023-04-18,Yash Nanda,Policy Advisor,1,Yash Nanda,Policy Advisor,Yash Nanda,Policy Advisor
573166,2023-04-18,Yash Nanda,Policy Advisor,1,Yash Nanda,Policy Advisor,Yash Nanda,Policy Advisor
565942,2023-04-24,Yash Nanda,Policy Advisor,1,Yash Nanda,Policy Advisor,Yash Nanda,Policy Advisor
566149,2023-04-24,Yash Nanda,Policy Advisor,1,Yash Nanda,Policy Advisor,Yash Nanda,Policy Advisor
564920,2023-04-25,Yash Nanda,Policy Advisor,1,Yash Nanda,Policy Advisor,Yash Nanda,Policy Advisor
565681,2023-04-26,Yash Nanda,Policy Advisor,1,Yash Nanda,Policy Advisor,Yash Nanda,Policy Advisor
569486,2023-05-02,Yash Nanda,Policy Advisor,1,Yash Nanda,Policy Advisor,Yash Nanda,Policy Advisor
563956,2023-05-03,Yash Nanda,Policy Advisor,1,Yash Nanda,Policy Advisor,Yash Nanda,Policy Advisor
565779,2023-05-09,Yash Nanda,Policy Advisor,1,Yash Nanda,Policy Advisor,Yash Nanda,Policy Advisor
568691,2023-05-09,Yash Nanda,Policy Advisor,1,Yash Nanda,Policy Advisor,Yash Nanda,Policy Advisor
564623,2023-05-10,Yash Nanda,Policy Advisor,1,Yash Nanda,Policy Advisor,Yash Nanda,Policy Advisor
565293,2023-05-10,Yash Nanda,Policy Advisor,1,Yash Nanda,Policy Advisor,Yash Nanda,Policy Advisor
569511,2023-05-10,Yash Nanda,Policy Advisor,1,Yash Nanda,Policy Advisor,Yash Nanda,Policy Advisor
575284,2023-05-11,Yash Nanda,Policy Advisor,1,Yash Nanda,Policy Advisor,Yash Nanda,Policy Advisor
566643,2023-05-18,Yash Nanda,Policy Advisor,1,Yash Nanda,Policy Advisor,Yash Nanda,Policy Advisor
567128,2023-05-18,Yash Nanda,Policy Advisor,1,Yash Nanda,Policy Advisor,Yash Nanda,Policy Advisor
569643,2023-05-18,Yash Nanda,Policy Advisor,1,Yash Nanda,Policy Advisor,Yash Nanda,Policy Advisor
571842,2023-05-18,Yash Nanda,Policy Advisor,1,Yash Nanda,Policy Advisor,Yash Nanda,Policy Advisor
567663,2023-05-23,Yash Nanda,Policy Advisor,1,Yash Nanda,Policy Advisor,Yash Nanda,Policy Advisor
571948,2023-06-12,Yash Nanda,Policy Advisor,1,Yash Nanda,Policy Advisor,Yash Nanda,Policy Advisor
569174,2023-06-14,Yash Nanda,Policy Advisor,1,Yash Nanda,Policy Advisor,Yash Nanda,Policy Advisor
570683,2023-06-14,Yash Nanda,Policy Advisor,1,Yash Nanda,Policy Advisor,Yash Nanda,Policy Advisor
570970,2023-06-15,Yash Nanda,Policy Advisor,1,Yash Nanda,Policy Advisor,Yash Nanda,Policy Advisor
571409,2023-06-15,Yash Nanda,Policy Advisor,1,Yash Nanda,Policy Advisor,Yash Nanda,Policy Advisor
571650,2023-06-15,Yash Nanda,Senior Policy Advisor,1,Yash Nanda,Senior Policy Advisor,Yash Nanda,Policy Advisor
572161,2023-06-28,Yash Nanda,Policy Advisor,1,Yash Nanda,Policy Advisor,Yash Nanda,Policy Advisor
573167,2023-07-06,Yash Nanda,Policy Advisor,1,Yash Nanda,Policy Advisor,Yash Nanda,Policy Advisor
572218,2023-07-11,Yash Nanda,Policy Advisor,1,Yash Nanda,Policy Advisor,Yash Nanda,Policy Advisor
573003,2023-07-14,Yash Nanda,Policy Advisor,1,Yash Nanda,Policy Advisor,Yash Nanda,Policy Advisor
574976,2023-07-14,Yash Nanda,Policy Advisor,1,Yash Nanda,Policy Advisor,Yash Nanda,Policy Advisor
574092,2023-07-26,Yash Nanda,Policy Advisor,1,Yash Nanda,Policy Advisor,Yash Nanda,Policy Advisor
573814,2023-07-27,Yash Nanda,Policy Advisor,1,Yash Nanda,Policy Advisor,Yash Nanda,Policy Advisor
575175,2023-07-27,Yash Nanda,Policy Advisor,1,Yash Nanda,Policy Advisor,Yash Nanda,Policy Advisor
573597,2023-07-28,Yash Nanda,Policy Advisor,1,Yash Nanda,Policy Advisor,Yash Nanda,Policy Advisor
573763,2023-07-28,Yash Nanda,Policy Advisor,1,Yash Nanda,Policy Advisor,Yash Nanda,Policy Advisor
576386,2023-08-01,Yash Nanda,Policy Advisor,1,Yash Nanda,Policy Advisor,Yash Nanda,Policy Advisor
576310,2023-08-10,Yash Nanda,Policy Advisor,1,Yash Nanda,Policy Advisor,Yash Nanda,Policy Advisor
575310,2023-08-21,Yash Nanda,Policy Advisor,1,Yash Nanda,Policy Advisor,Yash Nanda,Policy Advisor
575802,2023-08-22,Yash Nanda,Policy Advisor,1,Yash Nanda,Policy Advisor,Yash Nanda,Policy Advisor
576541,2023-08-25,Yash Nanda,Policy Advisor,1,Yash Nanda,Policy Advisor,Yash Nanda,Policy Advisor
579713,2023-08-31,Yash Nanda,Policy Advisor,1,Yash Nanda,Policy Advisor,Yash Nanda,Policy Advisor
575601,2023-09-01,Yash Nanda,Policy Advisor,1,Yash Nanda,Policy Advisor,Yash Nanda,Policy Advisor
576996,2023-09-08,Yash Nanda,Policy Advisor,1,Yash Nanda,Policy Advisor,Yash Nanda,Policy Advisor
577564,2023-09-19,Yash Nanda,Policy Advisor,1,Yash Nanda,Policy Advisor,Yash Nanda,Policy Advisor
579661,2023-09-19,Yash Nanda,Policy Advisor,1,Yash Nanda,Policy Advisor,Yash Nanda,Policy Advisor
579720,2023-09-19,Yash Nanda,Policy Advisor,1,Yash Nanda,Policy Advisor,Yash Nanda,Policy Advisor
577260,2023-09-20,Yash Nanda,Policy Advisor,1,Yash Nanda,Policy Advisor,Yash Nanda,Policy Advisor
578946,2023-09-21,Yash Nanda,Policy Advisor,1,Yash Nanda,Policy Advisor,Yash Nanda,Policy Advisor
579069,2023-09-21,Yash Nanda,Policy Advisor,1,Yash Nanda,Policy Advisor,Yash Nanda,Policy Advisor
579663,2023-09-21,Yash Nanda,Policy Advisor,1,Yash Nanda,Policy Advisor,Yash Nanda,Policy Advisor
577318,2023-09-26,Yash Nanda,Policy Advisor,1,Yash Nanda,Policy Advisor,Yash Nanda,Policy Advisor
578051,2023-09-26,Yash Nanda,Policy Advisor,1,Yash Nanda,Policy Advisor,Yash Nanda,Policy Advisor
578726,2023-09-26,Yash Nanda,Policy Advisor,1,Yash Nanda,Policy Advisor,Yash Nanda,Policy Advisor
579604,2023-09-26,Yash Nanda,Policy Advisor,1,Yash Nanda,Policy Advisor,Yash Nanda,Policy Advisor
579210,2023-09-27,Yash Nanda,Policy Advisor,1,Yash Nanda,Policy Advisor,Yash Nanda,Policy Advisor
577844,2023-09-28,Yash Nanda,Policy Advisor,1,Yash Nanda,Policy Advisor,Yash Nanda,Policy Advisor
579714,2023-09-28,Yash Nanda,Policy Advisor,1,Yash Nanda,Policy Advisor,Yash Nanda,Policy Advisor
578155,2023-09-28,Yash Nanda,Senior Policy Advisor,1,Yash Nanda,Senior Policy Advisor,Yash Nanda,Policy Advisor
579206,2023-09-28,Yash Nanda,Senior Policy Analyst,1,Yash Nanda,Senior Policy Analyst,Yash Nanda,Policy Advisor
579417,2023-09-29,Yash Nanda,Policy Advisor,1,Yash Nanda,Policy Advisor,Yash Nanda,Policy Advisor
579802,2023-09-29,Yash Nanda,Policy Advisor,1,Yash Nanda,Policy Advisor,Yash Nanda,Policy Advisor
582595,2023-10-03,Yash Nanda,Policy Advisor,1,Yash Nanda,Policy Advisor,Yash Nanda,Policy Advisor
578242,2023-10-11,Yash Nanda,Policy Advisor,1,Yash Nanda,Policy Advisor,Yash Nanda,Policy Advisor
581326,2023-10-11,Yash Nanda,Policy Advisor,1,Yash Nanda,Policy Advisor,Yash Nanda,Policy Advisor
584324,2023-10-11,Yash Nanda,Policy Advisor,1,Yash Nanda,Policy Advisor,Yash Nanda,Policy Advisor
584625,2023-10-11,Yash Nanda,Policy Advisor,1,Yash Nanda,Policy Advisor,Yash Nanda,Policy Advisor
581541,2023-10-17,Yash Nanda,Policy Advisor,1,Yash Nanda,Policy Advisor,Yash Nanda,Policy Advisor
581622,2023-10-17,Yash Nanda,Policy Advisor,1,Yash Nanda,Policy Advisor,Yash Nanda,Policy Advisor
583675,2023-10-17,Yash Nanda,Policy Advisor,1,Yash Nanda,Policy Advisor,Yash Nanda,Policy Advisor
583470,2023-10-18,Yash Nanda,Policy Advisor,1,Yash Nanda,Policy Advisor,Yash Nanda,Policy Advisor
581415,2023-10-23,Yash Nanda,Policy Advisor,1,Yash Nanda,Policy Advisor,Yash Nanda,Policy Advisor
584219,2023-10-23,Yash Nanda,Policy Advisor,1,Yash Nanda,Policy Advisor,Yash Nanda,Policy Advisor
583674,2023-10-31,Yash Nanda,Policy Advisor,1,Yash Nanda,Policy Advisor,Yash Nanda,Policy Advisor
586064,2023-11-06,Yash Nanda,Policy Advisor,1,Yash Nanda,Policy Advisor,Yash Nanda,Policy Advisor
586359,2023-11-06,Yash Nanda,Policy Advisor,1,Yash Nanda,Policy Advisor,Yash Nanda,Policy Advisor
588141,2023-11-06,Yash Nanda,Policy Advisor,1,Yash Nanda,Policy Advisor,Yash Nanda,Policy Advisor
581525,2023-11-07,Yash Nanda,Policy Advisor,1,Yash Nanda,Policy Advisor,Yash Nanda,Policy Advisor
587117,2023-11-07,Yash Nanda,Policy Advisor,1,Yash Nanda,Policy Advisor,Yash Nanda,Policy Advisor
582550,2023-11-09,Yash Nanda,Policy Advisor,1,Yash Nanda,Policy Advisor,Yash Nanda,Policy Advisor
584889,2023-11-22,Yash Nanda,Policy Advisor,1,Yash Nanda,Policy Advisor,Yash Nanda,Policy Advisor
586763,2023-11-22,Yash Nanda,"Policy Advisor, Deputy Prime Minister and Minister of Finance",1,Yash Nanda,"Policy Advisor, Deputy Prime Minister and Minister of Finance",Yash Nanda,Policy Advisor
587829,2023-11-24,Yash Nanda,Policy Advisor,1,Yash Nanda,Policy Advisor,Yash Nanda,Policy Advisor
585064,2023-11-24,Yash Nanda,Senior Policy Advisor,1,Yash Nanda,Senior Policy Advisor,Yash Nanda,Policy Advisor
588295,2023-11-29,Yash Nanda,Policy Advisor,1,Yash Nanda,Policy Advisor,Yash Nanda,Policy Advisor
591296,2023-11-29,Yash Nanda,Policy Advisor,1,Yash Nanda,Policy Advisor,Yash Nanda,Policy Advisor
585437,2023-11-30,Yash Nanda,Policy Advisor,1,Yash Nanda,Policy Advisor,Yash Nanda,Policy Advisor
586364,2023-11-30,Yash Nanda,Policy Advisor,1,Yash Nanda,Policy Advisor,Yash Nanda,Policy Advisor
586477,2023-11-30,Yash Nanda,Policy Advisor,1,Yash Nanda,Policy Advisor,Yash Nanda,Policy Advisor
590223,2023-12-05,Yash Nanda,Policy Advisor,1,Yash Nanda,Policy Advisor,Yash Nanda,Policy Advisor
590361,2023-12-05,Yash Nanda,Policy Advisor,1,Yash Nanda,Policy Advisor,Yash Nanda,Policy Advisor
589300,2023-12-13,Yash Nanda,Policy Advisor,1,Yash Nanda,Policy Advisor,Yash Nanda,Policy Advisor
592533,2023-12-19,Yash Nanda,Policy Advisor,1,Yash Nanda,Policy Advisor,Yash Nanda,Policy Advisor
591980,2024-01-15,Yash Nanda,Policy Advisor,1,Yash Nanda,Policy Advisor,Yash Nanda,Policy Advisor
592276,2024-01-15,Yash Nanda,Policy Advisor,1,Yash Nanda,Policy Advisor,Yash Nanda,Policy Advisor
590964,2024-01-16,Yash Nanda,Policy Advisor,1,Yash Nanda,Policy Advisor,Yash Nanda,Policy Advisor
591486,2024-01-16,Yash Nanda,Policy Advisor,1,Yash Nanda,Policy Advisor,Yash Nanda,Policy Advisor
591353,2024-01-22,Yash Nanda,Policy Advisor,1,Yash Nanda,Policy Advisor,Yash Nanda,Policy Advisor
592230,2024-01-23,Yash Nanda,Policy Advisor,1,Yash Nanda,Policy Advisor,Yash Nanda,Policy Advisor
591219,2024-01-24,Yash Nanda,Policy Advisor,1,Yash Nanda,Policy Advisor,Yash Nanda,Policy Advisor
592694,2024-01-24,Yash Nanda,Policy Advisor,1,Yash Nanda,Policy Advisor,Yash Nanda,Policy Advisor
592842,2024-01-25,Yash Nanda,Policy Advisor,1,Yash Nanda,Policy Advisor,Yash Nanda,Policy Advisor
591355,2024-01-29,Yash Nanda,Policy Advisor,1,Yash Nanda,Policy Advisor,Yash Nanda,Policy Advisor
592168,2024-02-02,Yash Nanda,Policy Advisor,1,Yash Nanda,Policy Advisor,Yash Nanda,Policy Advisor
593238,2024-02-02,Yash Nanda,Policy Advisor,1,Yash Nanda,Policy Advisor,Yash Nanda,Policy Advisor
591699,2024-02-05,Yash Nanda,Policy Advisor,1,Yash Nanda,Policy Advisor,Yash Nanda,Policy Advisor
591960,2024-02-05,Yash Nanda,Policy Advisor,1,Yash Nanda,Policy Advisor,Yash Nanda,Policy Advisor
592219,2024-02-05,Yash Nanda,Policy Advisor,1,Yash Nanda,Policy Advisor,Yash Nanda,Policy Advisor
592063,2024-02-06,Yash Nanda,Policy Advisor,1,Yash Nanda,Policy Advisor,Yash Nanda,Policy Advisor
592935,2024-02-06,Yash Nanda,Policy Advisor,1,Yash Nanda,Policy Advisor,Yash Nanda,Policy Advisor
594063,2024-02-12,Yash Nanda,Policy Advisor,1,Yash Nanda,Policy Advisor,Yash Nanda,Policy Advisor
594323,2024-02-12,Yash Nanda,Policy Advisor,1,Yash Nanda,Policy Advisor,Yash Nanda,Policy Advisor
594413,2024-02-22,Yash Nanda,Policy Advisor,1,Yash Nanda,Policy Advisor,Yash Nanda,Policy Advisor
594396,2024-02-23,Yash Nanda,Policy Advisor,1,Yash Nanda,Policy Advisor,Yash Nanda,Policy Advisor
609216,2024-02-26,Yash Nanda,Policy Advisor,1,Yash Nanda,Policy Advisor,Yash Nanda,Policy Advisor
597640,2024-02-27,Yash Nanda,Senior Policy Advisor,1,Yash Nanda,Senior Policy Advisor,Yash Nanda,Policy Advisor
596977,2024-02-29,Yash Nanda,Policy Advisor,1,Yash Nanda,Policy Advisor,Yash Nanda,Policy Advisor
597124,2024-02-29,Yash Nanda,Policy Advisor,1,Yash Nanda,Policy Advisor,Yash Nanda,Policy Advisor
595698,2024-03-07,Yash Nanda,Policy Advisor,1,Yash Nanda,Policy Advisor,Yash Nanda,Policy Advisor
595738,2024-03-08,Yash Nanda,Policy Advisor,1,Yash Nanda,Policy Advisor,Yash Nanda,Policy Advisor
596335,2024-03-08,Yash Nanda,Policy Advisor,1,Yash Nanda,Policy Advisor,Yash Nanda,Policy Advisor
599548,2024-03-11,Yash Nanda,Policy Advisor,1,Yash Nanda,Policy Advisor,Yash Nanda,Policy Advisor
599463,2024-03-12,Yash Nanda,Policy Advisor,1,Yash Nanda,Policy Advisor,Yash Nanda,Policy Advisor
600720,2024-03-15,Yash Nanda,Policy Advisor,1,Yash Nanda,Policy Advisor,Yash Nanda,Policy Advisor
599825,2024-03-20,Yash Nanda,Policy Advisor,1,Yash Nanda,Policy Advisor,Yash Nanda,Policy Advisor
599854,2024-03-20,Yash Nanda,Policy Advisor,1,Yash Nanda,Policy Advisor,Yash Nanda,Policy Advisor
600047,2024-03-22,Yash Nanda,Policy Advisor,1,Yash Nanda,Policy Advisor,Yash Nanda,Policy Advisor
599258,2024-03-26,Yash Nanda,Policy Advisor,1,Yash Nanda,Policy Advisor,Yash Nanda,Policy Advisor
600789,2024-03-26,Yash Nanda,Policy Advisor,1,Yash Nanda,Policy Advisor,Yash Nanda,Policy Advisor
604199,2024-04-19,Yash Nanda,Policy Advisor,1,Yash Nanda,Policy Advisor,Yash Nanda,Policy Advisor
603127,2024-04-22,Yash Nanda,Policy Advisor,1,Yash Nanda,Policy Advisor,Yash Nanda,Policy Advisor
603767,2024-04-26,Yash Nanda,Policy Advisor,1,Yash Nanda,Policy Advisor,Yash Nanda,Policy Advisor
603620,2024-04-26,Yash Nanda,Senior Policy Advisor,1,Yash Nanda,Senior Policy Advisor,Yash Nanda,Policy Advisor
602033,2024-05-01,Yash Nanda,Policy Advisor,1,Yash Nanda,Policy Advisor,Yash Nanda,Policy Advisor
602717,2024-05-01,Yash Nanda,Senior Policy Advisor,1,Yash Nanda,Senior Policy Advisor,Yash Nanda,Policy Advisor
604107,2024-05-01,Yash Nanda,Senior Policy Advisor,1,Yash Nanda,Senior Policy Advisor,Yash Nanda,Policy Advisor
606452,2024-05-01,Yash Nanda,Senior Policy Advisor,1,Yash Nanda,Senior Policy Advisor,Yash Nanda,Policy Advisor
607534,2024-05-13,Yash Nanda,Policy Advisor,1,Yash Nanda,Policy Advisor,Yash Nanda,Policy Advisor
607581,2024-05-13,Yash Nanda,Policy Advisor,1,Yash Nanda,Policy Advisor,Yash Nanda,Policy Advisor
604607,2024-05-14,Yash Nanda,Policy Advisor,1,Yash Nanda,Policy Advisor,Yash Nanda,Policy Advisor
605336,2024-05-14,Yash Nanda,Policy Advisor,1,Yash Nanda,Policy Advisor,Yash Nanda,Policy Advisor
605612,2024-05-22,Yash Nanda,Policy Advisor,1,Yash Nanda,Policy Advisor,Yash Nanda,Policy Advisor
609203,2024-05-28,Yash Nanda,Policy Advisor,1,Yash Nanda,Policy Advisor,Yash Nanda,Policy Advisor
605480,2024-05-28,Yash Nanda,Senior Policy Advisor,1,Yash Nanda,Senior Policy Advisor,Yash Nanda,Policy Advisor
608298,2024-05-30,Yash Nanda,Policy Advisor,1,Yash Nanda,Policy Advisor,Yash Nanda,Policy Advisor
610754,2024-06-10,Yash Nanda,Policy Advisor,1,Yash Nanda,Policy Advisor,Yash Nanda,Policy Advisor
606638,2024-06-10,Yash Nanda,Senior Policy Advisor,1,Yash Nanda,Senior Policy Advisor,Yash Nanda,Policy Advisor
609377,2024-06-21,Yash Nanda,Deputy Prime Minister | Minister of Finance,1,Yash Nanda,Deputy Prime Minister | Minister of Finance,Yash Nanda,Policy Advisor
609566,2024-07-03,Yash Nanda,Senior Policy Advisor,1,Yash Nanda,Senior Policy Advisor,Yash Nanda,Policy Advisor
611988,2024-07-10,Yash Nanda,Senior Policy Advisor,1,Yash Nanda,Senior Policy Advisor,Yash Nanda,Policy Advisor
612284,2024-07-19,Yash Nanda,Senior Policy Advisor,1,Yash Nanda,Senior Policy Advisor,Yash Nanda,Policy Advisor
612612,2024-08-06,Yash Nanda,Senior Policy Advisor,1,Yash Nanda,Senior Policy Advisor,Yash Nanda,Policy Advisor
614714,2024-08-19,Yash Nanda,Policy Advisor,1,Yash Nanda,Policy Advisor,Yash Nanda,Policy Advisor
614784,2024-08-20,Yash Nanda,Policy Advisor,1,Yash Nanda,Policy Advisor,Yash Nanda,Policy Advisor
613611,2024-08-22,Yash Nanda,Policy Advisor,1,Yash Nanda,Policy Advisor,Yash Nanda,Policy Advisor
613933,2024-08-29,Yash Nanda,Senior Policy Advisor,1,Yash Nanda,Senior Policy Advisor,Yash Nanda,Policy Advisor
613816,2024-09-04,Yash Nanda,Senior Policy Advisor,1,Yash Nanda,Senior Policy Advisor,Yash Nanda,Policy Advisor
614100,2024-09-06,Yash Nanda,Senior Policy Advisor,1,Yash Nanda,Senior Policy Advisor,Yash Nanda,Policy Advisor
617266,2024-09-06,Yash Nanda,Senior Policy Advisor,1,Yash Nanda,Senior Policy Advisor,Yash Nanda,Policy Advisor
616289,2024-09-17,Yash Nanda,Policy Advisor,1,Yash Nanda,Policy Advisor,Yash Nanda,Policy Advisor
615256,2024-09-18,Yash Nanda,Senior Policy Advisor,1,Yash Nanda,Senior Policy Advisor,Yash Nanda,Policy Advisor
616238,2024-09-18,Yash Nanda,Senior Policy Advisor,1,Yash Nanda,Senior Policy Advisor,Yash Nanda,Policy Advisor
615387,2024-09-19,Yash Nanda,Senior Policy Advisor,1,Yash Nanda,Senior Policy Advisor,Yash Nanda,Policy Advisor
615343,2024-09-20,Yash Nanda,Policy Advisor,1,Yash Nanda,Policy Advisor,Yash Nanda,Policy Advisor
618259,2024-09-23,Yash Nanda,Policy Advisor,1,Yash Nanda,Policy Advisor,Yash Nanda,Policy Advisor
616885,2024-09-24,Yash Nanda,"Deputy Director of Policy, Deputy Prime Minister and Minister of Finance",1,Yash Nanda,"Deputy Director of Policy, Deputy Prime Minister and Minister of Finance",Yash Nanda,Policy Advisor
616933,2024-09-24,Yash Nanda,Director of Policy,1,Yash Nanda,Director of Policy,Yash Nanda,Policy Advisor
617767,2024-09-24,Yash Nanda,Director of Policy,1,Yash Nanda,Director of Policy,Yash Nanda,Policy Advisor
616952,2024-09-24,Yash Nanda,Policy Advisor,1,Yash Nanda,Policy Advisor,Yash Nanda,Policy Advisor
616744,2024-09-24,Yash Nanda,Senior Advisor to the Minister of Finance,1,Yash Nanda,Senior Advisor to the Minister of Finance,Yash Nanda,Policy Advisor
615778,2024-09-25,Yash Nanda,Director of Policy,1,Yash Nanda,Director of Policy,Yash Nanda,Policy Advisor
615754,2024-09-25,Yash Nanda,Senior Policy Advisor,1,Yash Nanda,Senior Policy Advisor,Yash Nanda,Policy Advisor
618951,2024-09-26,Yash Nanda,Director of Policy,1,Yash Nanda,Director of Policy,Yash Nanda,Policy Advisor
615655,2024-09-26,Yash Nanda,Policy Advisor,1,Yash Nanda,Policy Advisor,Yash Nanda,Policy Advisor
617903,2024-09-26,Yash Nanda,Policy Advisor,1,Yash Nanda,Policy Advisor,Yash Nanda,Policy Advisor
619826,2024-10-01,Yash Nanda,Policy Advisor,1,Yash Nanda,Policy Advisor,Yash Nanda,Policy Advisor
620596,2024-10-02,Yash Nanda,"Deputy Director, Policy",1,Yash Nanda,"Deputy Director, Policy",Yash Nanda,Policy Advisor
616530,2024-10-04,Yash Nanda,Director of Policy,1,Yash Nanda,Director of Policy,Yash Nanda,Policy Advisor
616262,2024-10-07,Yash Nanda,Director of Policy,1,Yash Nanda,Director of Policy,Yash Nanda,Policy Advisor
619696,2024-10-21,Yash Nanda,Policy Advisor,1,Yash Nanda,Policy Advisor,Yash Nanda,Policy Advisor
619611,2024-10-21,Yash Nanda,Senior Policy Advisor,1,Yash Nanda,Senior Policy Advisor,Yash Nanda,Policy Advisor
619618,2024-10-21,Yash Nanda,Senior Policy Advisor,1,Yash Nanda,Senior Policy Advisor,Yash Nanda,Policy Advisor
622595,2024-10-22,Yash Nanda,Director of Policy,1,Yash Nanda,Director of Policy,Yash Nanda,Policy Advisor
623170,2024-10-22,Yash Nanda,Director of Policy,1,Yash Nanda,Director of Policy,Yash Nanda,Policy Advisor
623172,2024-10-22,Yash Nanda,Director of Policy,1,Yash Nanda,Director of Policy,Yash Nanda,Policy Advisor
623531,2024-10-29,Yash Nanda,Director of Policy,1,Yash Nanda,Director of Policy,Yash Nanda,Policy Advisor
619389,2024-10-29,Yash Nanda,Policy Advisor,1,Yash Nanda,Policy Advisor,Yash Nanda,Policy Advisor
621614,2024-10-29,Yash Nanda,Policy Advisor,1,Yash Nanda,Policy Advisor,Yash Nanda,Policy Advisor
619345,2024-10-29,Yash Nanda,Senior Policy Advisor,1,Yash Nanda,Senior Policy Advisor,Yash Nanda,Policy Advisor
626634,2024-11-12,Yash Nanda,Policy Advisor,1,Yash Nanda,Policy Advisor,Yash Nanda,Policy Advisor
622229,2024-11-14,Yash Nanda,Director of Policy,1,Yash Nanda,Director of Policy,Yash Nanda,Policy Advisor
624625,2024-11-19,Yash Nanda,Director of Policy,1,Yash Nanda,Director of Policy,Yash Nanda,Policy Advisor
624657,2024-11-20,Yash Nanda,Director of Policy,1,Yash Nanda,Director of Policy,Yash Nanda,Policy Advisor
627277,2024-11-21,Yash Nanda,Director of Policy,1,Yash Nanda,Director of Policy,Yash Nanda,Policy Advisor
625112,2024-11-25,Yash Nanda,Policy Advisor,1,Yash Nanda,Policy Advisor,Yash Nanda,Policy Advisor
624103,2024-11-26,Yash Nanda,Senior Policy Advisor,1,Yash Nanda,Senior Policy Advisor,Yash Nanda,Policy Advisor
627925,2024-11-26,Yash Nanda,Senior Policy Advisor,1,Yash Nanda,Senior Policy Advisor,Yash Nanda,Policy Advisor
631632,2025-02-14,Yash Nanda,Policy Advisor,1,Yash Nanda,Policy Advisor,Yash Nanda,Policy Advisor
633131,2025-02-18,Yash Nanda,"Special Assistant, Policy",1,Yash Nanda,"Special Assistant, Policy",Yash Nanda,Policy Advisor
632922,2025-02-20,Yash Nanda,Director of Policy,1,Yash Nanda,Director of Policy,Yash Nanda,Policy Advisor
634485,2025-02-28,Yash Nanda,"Deputy Director, Policy",1,Yash Nanda,"Deputy Director, Policy",Yash Nanda,Policy Advisor
634269,2025-03-05,Yash Nanda,"Deputy Director of Policy, Domestic Affairs",1,Yash Nanda,"Deputy Director of Policy, Domestic Affairs",Yash Nanda,Policy Advisor
636146,2025-05-20,Yash Nanda,Policy Advisor,1,Yash Nanda,Policy Advisor,Yash Nanda,Policy Advisor
637002,2025-05-29,Yash Nanda,Policy Advisor,1,Yash Nanda,Policy Advisor,Yash Nanda,Policy Advisor
636954,2025-05-30,Yash Nanda,Policy Advisor,1,Yash Nanda,Policy Advisor,Yash Nanda,Policy Advisor
636816,2025-06-12,Yash Nanda,Director of Policy,1,Yash Nanda,Director of Policy,Yash Nanda,Policy Advisor
555788,2023-01-17,Yash Nanda ,Policy Advisor,1,Yash Nanda,Policy Advisor,Yash Nanda,Policy Advisor
619435,2024-10-22,Yasir Naqv,Parliamentary Secretary,1,Yasir Naqv,Parliamentary Secretary,Yasir Naqv,Parliamentary Secretary
520765,2022-01-21,yasir naqvi,Member of Parliament,1,Yasir Naqvi,Member of Parliament,Yasir Naqvi,Member of Parliament
520763,2022-01-21,yasir Naqvi,Member of Parliament,1,Yasir Naqvi,Member of Parliament,Yasir Naqvi,Member of Parliament
520764,2022-01-21,yasir Naqvi,Member of Parliament,1,Yasir Naqvi,Member of Parliament,Yasir Naqvi,Member of Parliament
524470,2022-02-10,Yasir  Naqvi,Member of Parliament,1,Yasir Naqvi,Member of Parliament,Yasir Naqvi,Member of Parliament
613549,2024-08-22,Yasir  Naqvi,Member of Parliament,1,Yasir Naqvi,Member of Parliament,Yasir Naqvi,Member of Parliament
601371,2024-04-24,Yasir  Naqvi ,Member of Parliament,1,Yasir Naqvi,Member of Parliament,Yasir Naqvi,Member of Parliament
383273,2016-08-08,Yasir Naqvi,"Commissioner, Board of Internal Economy",1,Yasir Naqvi,"Commissioner, Board of Internal Economy",Yasir Naqvi,Member of Parliament
515911,2021-10-19,Yasir Naqvi,Member of Parliament,1,Yasir Naqvi,Member of Parliament,Yasir Naqvi,Member of Parliament
514905,2021-10-20,Yasir Naqvi,Member of Parliament,1,Yasir Naqvi,Member of Parliament,Yasir Naqvi,Member of Parliament
518553,2021-11-30,Yasir Naqvi,Member of Parliament,1,Yasir Naqvi,Member of Parliament,Yasir Naqvi,Member of Parliament
518643,2021-12-21,Yasir Naqvi,Member of Parliament,1,Yasir Naqvi,Member of Parliament,Yasir Naqvi,Member of Parliament
518818,2021-12-21,Yasir Naqvi,Member of Parliament,1,Yasir Naqvi,Member of Parliament,Yasir Naqvi,Member of Parliament
520398,2022-01-13,Yasir Naqvi,Member of Parliament,1,Yasir Naqvi,Member of Parliament,Yasir Naqvi,Member of Parliament
521761,2022-01-13,Yasir Naqvi,Vice President,1,Yasir Naqvi,Vice President,Yasir Naqvi,Member of Parliament
520762,2022-01-21,Yasir Naqvi,Member of Parliament,1,Yasir Naqvi,Member of Parliament,Yasir Naqvi,Member of Parliament
521376,2022-01-26,Yasir Naqvi,Member of Parliament,1,Yasir Naqvi,Member of Parliament,Yasir Naqvi,Member of Parliament
529327,2022-03-09,Yasir Naqvi,Member of Parliament,1,Yasir Naqvi,Member of Parliament,Yasir Naqvi,Member of Parliament
525354,2022-03-11,Yasir Naqvi,Member of Parliament,1,Yasir Naqvi,Member of Parliament,Yasir Naqvi,Member of Parliament
529047,2022-03-11,Yasir Naqvi,Member of Parliament,1,Yasir Naqvi,Member of Parliament,Yasir Naqvi,Member of Parliament
530224,2022-04-19,Yasir Naqvi,Member of Parliament,1,Yasir Naqvi,Member of Parliament,Yasir Naqvi,Member of Parliament
535089,2022-05-03,Yasir Naqvi,Member of Parliament,1,Yasir Naqvi,Member of Parliament,Yasir Naqvi,Member of Parliament
530648,2022-05-05,Yasir Naqvi,Member of Parliament,1,Yasir Naqvi,Member of Parliament,Yasir Naqvi,Member of Parliament
531418,2022-05-05,Yasir Naqvi,Member of Parliament,1,Yasir Naqvi,Member of Parliament,Yasir Naqvi,Member of Parliament
530979,2022-05-10,Yasir Naqvi,Member of Parliament,1,Yasir Naqvi,Member of Parliament,Yasir Naqvi,Member of Parliament
535996,2022-05-31,Yasir Naqvi,Member of Parliament,1,Yasir Naqvi,Member of Parliament,Yasir Naqvi,Member of Parliament
536502,2022-05-31,Yasir Naqvi,Member of Parliament,1,Yasir Naqvi,Member of Parliament,Yasir Naqvi,Member of Parliament
536418,2022-06-06,Yasir Naqvi,Member of Parliament,1,Yasir Naqvi,Member of Parliament,Yasir Naqvi,Member of Parliament
537174,2022-06-07,Yasir Naqvi,Member of Parliament,1,Yasir Naqvi,Member of Parliament,Yasir Naqvi,Member of Parliament
539189,2022-07-07,Yasir Naqvi,Member of Parliament,1,Yasir Naqvi,Member of Parliament,Yasir Naqvi,Member of Parliament
540039,2022-08-10,Yasir Naqvi,Member of Parliament,1,Yasir Naqvi,Member of Parliament,Yasir Naqvi,Member of Parliament
540183,2022-08-10,Yasir Naqvi,Member of Parliament,1,Yasir Naqvi,Member of Parliament,Yasir Naqvi,Member of Parliament
540795,2022-08-10,Yasir Naqvi,Member of Parliament,1,Yasir Naqvi,Member of Parliament,Yasir Naqvi,Member of Parliament
540984,2022-08-25,Yasir Naqvi,Member of Parliament,1,Yasir Naqvi,Member of Parliament,Yasir Naqvi,Member of Parliament
541004,2022-08-30,Yasir Naqvi,Member of Parliament,1,Yasir Naqvi,Member of Parliament,Yasir Naqvi,Member of Parliament
546894,2022-10-05,Yasir Naqvi,Member of Parliament,1,Yasir Naqvi,Member of Parliament,Yasir Naqvi,Member of Parliament
546416,2022-10-06,Yasir Naqvi,Member of Parliament,1,Yasir Naqvi,Member of Parliament,Yasir Naqvi,Member of Parliament
546713,2022-10-07,Yasir Naqvi,Member of Parliament,1,Yasir Naqvi,Member of Parliament,Yasir Naqvi,Member of Parliament
543145,2022-10-12,Yasir Naqvi,Member of Parliament,1,Yasir Naqvi,Member of Parliament,Yasir Naqvi,Member of Parliament
544586,2022-10-20,Yasir Naqvi,Member of Parliament,1,Yasir Naqvi,Member of Parliament,Yasir Naqvi,Member of Parliament
545281,2022-10-21,Yasir Naqvi,Member of Parliament,1,Yasir Naqvi,Member of Parliament,Yasir Naqvi,Member of Parliament
547590,2022-10-21,Yasir Naqvi,Member of Parliament,1,Yasir Naqvi,Member of Parliament,Yasir Naqvi,Member of Parliament
546622,2022-10-24,Yasir Naqvi,Member of Parliament,1,Yasir Naqvi,Member of Parliament,Yasir Naqvi,Member of Parliament
545568,2022-10-25,Yasir Naqvi,Member of Parliament,1,Yasir Naqvi,Member of Parliament,Yasir Naqvi,Member of Parliament
546541,2022-10-25,Yasir Naqvi,Member of Parliament,1,Yasir Naqvi,Member of Parliament,Yasir Naqvi,Member of Parliament
546623,2022-10-25,Yasir Naqvi,Member of Parliament,1,Yasir Naqvi,Member of Parliament,Yasir Naqvi,Member of Parliament
546835,2022-10-25,Yasir Naqvi,Member of Parliament,1,Yasir Naqvi,Member of Parliament,Yasir Naqvi,Member of Parliament
546002,2022-10-28,Yasir Naqvi,Member of Parliament,1,Yasir Naqvi,Member of Parliament,Yasir Naqvi,Member of Parliament
546185,2022-10-28,Yasir Naqvi,Member of Parliament,1,Yasir Naqvi,Member of Parliament,Yasir Naqvi,Member of Parliament
548738,2022-11-15,Yasir Naqvi,Member of Parliament,1,Yasir Naqvi,Member of Parliament,Yasir Naqvi,Member of Parliament
548744,2022-11-15,Yasir Naqvi,Member of Parliament,1,Yasir Naqvi,Member of Parliament,Yasir Naqvi,Member of Parliament
549187,2022-11-15,Yasir Naqvi,Member of Parliament,1,Yasir Naqvi,Member of Parliament,Yasir Naqvi,Member of Parliament
551151,2022-11-15,Yasir Naqvi,Member of Parliament,1,Yasir Naqvi,Member of Parliament,Yasir Naqvi,Member of Parliament
548284,2022-11-16,Yasir Naqvi,Member of Parliament,1,Yasir Naqvi,Member of Parliament,Yasir Naqvi,Member of Parliament
548984,2022-11-18,Yasir Naqvi,Member of Parliament,1,Yasir Naqvi,Member of Parliament,Yasir Naqvi,Member of Parliament
548953,2022-11-30,Yasir Naqvi,Member of Parliament,1,Yasir Naqvi,Member of Parliament,Yasir Naqvi,Member of Parliament
551414,2022-11-30,Yasir Naqvi,Member of Parliament,1,Yasir Naqvi,Member of Parliament,Yasir Naqvi,Member of Parliament
553690,2022-12-06,Yasir Naqvi,Member of Parliament,1,Yasir Naqvi,Member of Parliament,Yasir Naqvi,Member of Parliament
553715,2022-12-06,Yasir Naqvi,Member of Parliament,1,Yasir Naqvi,Member of Parliament,Yasir Naqvi,Member of Parliament
556558,2023-01-23,Yasir Naqvi,Member of Parliament,1,Yasir Naqvi,Member of Parliament,Yasir Naqvi,Member of Parliament
558858,2023-02-14,Yasir Naqvi,Member of Parliament,1,Yasir Naqvi,Member of Parliament,Yasir Naqvi,Member of Parliament
558865,2023-02-14,Yasir Naqvi,Member of Parliament,1,Yasir Naqvi,Member of Parliament,Yasir Naqvi,Member of Parliament
557991,2023-03-06,Yasir Naqvi,Member of Parliament,1,Yasir Naqvi,Member of Parliament,Yasir Naqvi,Member of Parliament
560639,2023-03-24,Yasir Naqvi,Member of Parliament,1,Yasir Naqvi,Member of Parliament,Yasir Naqvi,Member of Parliament
561452,2023-03-28,Yasir Naqvi,Member of Parliament,1,Yasir Naqvi,Member of Parliament,Yasir Naqvi,Member of Parliament
563297,2023-04-18,Yasir Naqvi,Member of Parliament,1,Yasir Naqvi,Member of Parliament,Yasir Naqvi,Member of Parliament
563878,2023-04-18,Yasir Naqvi,Member of Parliament,1,Yasir Naqvi,Member of Parliament,Yasir Naqvi,Member of Parliament
564394,2023-04-18,Yasir Naqvi,Member of Parliament,1,Yasir Naqvi,Member of Parliament,Yasir Naqvi,Member of Parliament
563652,2023-04-25,Yasir Naqvi,Member of Parliament,1,Yasir Naqvi,Member of Parliament,Yasir Naqvi,Member of Parliament
567407,2023-05-02,Yasir Naqvi,Member of Parliament,1,Yasir Naqvi,Member of Parliament,Yasir Naqvi,Member of Parliament
564318,2023-05-04,Yasir Naqvi,Member of Parliament,1,Yasir Naqvi,Member of Parliament,Yasir Naqvi,Member of Parliament
568730,2023-05-08,Yasir Naqvi,Member of Parliament,1,Yasir Naqvi,Member of Parliament,Yasir Naqvi,Member of Parliament
568784,2023-05-15,Yasir Naqvi,Member of Parliament,1,Yasir Naqvi,Member of Parliament,Yasir Naqvi,Member of Parliament
566426,2023-05-16,Yasir Naqvi,Member of Parliament,1,Yasir Naqvi,Member of Parliament,Yasir Naqvi,Member of Parliament
569517,2023-05-16,Yasir Naqvi,Member of Parliament,1,Yasir Naqvi,Member of Parliament,Yasir Naqvi,Member of Parliament
570100,2023-05-16,Yasir Naqvi,Member of Parliament,1,Yasir Naqvi,Member of Parliament,Yasir Naqvi,Member of Parliament
581362,2023-05-16,Yasir Naqvi,Member of Parliament,1,Yasir Naqvi,Member of Parliament,Yasir Naqvi,Member of Parliament
568695,2023-06-08,Yasir Naqvi,Member of Parliament,1,Yasir Naqvi,Member of Parliament,Yasir Naqvi,Member of Parliament
570851,2023-06-08,Yasir Naqvi,Member of Parliament,1,Yasir Naqvi,Member of Parliament,Yasir Naqvi,Member of Parliament
571591,2023-06-08,Yasir Naqvi,Member of Parliament,1,Yasir Naqvi,Member of Parliament,Yasir Naqvi,Member of Parliament
570638,2023-06-22,Yasir Naqvi,Member of Parliament,1,Yasir Naqvi,Member of Parliament,Yasir Naqvi,Member of Parliament
590912,2024-01-10,Yasir Naqvi,Member of Parliament,1,Yasir Naqvi,Member of Parliament,Yasir Naqvi,Member of Parliament
593935,2024-01-16,Yasir Naqvi,Member of Parliament,1,Yasir Naqvi,Member of Parliament,Yasir Naqvi,Member of Parliament
591166,2024-01-22,Yasir Naqvi,Member of Parliament,1,Yasir Naqvi,Member of Parliament,Yasir Naqvi,Member of Parliament
591611,2024-01-29,Yasir Naqvi,Member of Parliament,1,Yasir Naqvi,Member of Parliament,Yasir Naqvi,Member of Parliament
592882,2024-01-29,Yasir Naqvi,Member of Parliament,1,Yasir Naqvi,Member of Parliament,Yasir Naqvi,Member of Parliament
591358,2024-01-30,Yasir Naqvi,Member of Parliament,1,Yasir Naqvi,Member of Parliament,Yasir Naqvi,Member of Parliament
596958,2024-02-01,Yasir Naqvi,Member of Parliament,1,Yasir Naqvi,Member of Parliament,Yasir Naqvi,Member of Parliament
597244,2024-02-01,Yasir Naqvi,Member of Parliament,1,Yasir Naqvi,Member of Parliament,Yasir Naqvi,Member of Parliament
597174,2024-02-02,Yasir Naqvi,Member of Parliament,1,Yasir Naqvi,Member of Parliament,Yasir Naqvi,Member of Parliament
597456,2024-02-06,Yasir Naqvi,Parliamentary Secretary,1,Yasir Naqvi,Parliamentary Secretary,Yasir Naqvi,Member of Parliament
597466,2024-02-06,Yasir Naqvi,Parliamentary Secretary,1,Yasir Naqvi,Parliamentary Secretary,Yasir Naqvi,Member of Parliament
595135,2024-02-13,Yasir Naqvi,Member of Parliament,1,Yasir Naqvi,Member of Parliament,Yasir Naqvi,Member of Parliament
596281,2024-02-13,Yasir Naqvi,Member of Parliament,1,Yasir Naqvi,Member of Parliament,Yasir Naqvi,Member of Parliament
598032,2024-02-13,Yasir Naqvi,Member of Parliament,1,Yasir Naqvi,Member of Parliament,Yasir Naqvi,Member of Parliament
595279,2024-02-26,Yasir Naqvi,Member of Parliament,1,Yasir Naqvi,Member of Parliament,Yasir Naqvi,Member of Parliament
594487,2024-02-27,Yasir Naqvi,Member of Parliament,1,Yasir Naqvi,Member of Parliament,Yasir Naqvi,Member of Parliament
596755,2024-02-27,Yasir Naqvi,Member of Parliament,1,Yasir Naqvi,Member of Parliament,Yasir Naqvi,Member of Parliament
596695,2024-02-28,Yasir Naqvi,Member of Parliament,1,Yasir Naqvi,Member of Parliament,Yasir Naqvi,Member of Parliament
595328,2024-02-29,Yasir Naqvi,Member of Parliament,1,Yasir Naqvi,Member of Parliament,Yasir Naqvi,Member of Parliament
596165,2024-02-29,Yasir Naqvi,Member of Parliament,1,Yasir Naqvi,Member of Parliament,Yasir Naqvi,Member of Parliament
598645,2024-02-29,Yasir Naqvi,Member of Parliament,1,Yasir Naqvi,Member of Parliament,Yasir Naqvi,Member of Parliament
597313,2024-02-29,Yasir Naqvi,Parliamentary Secretary,1,Yasir Naqvi,Parliamentary Secretary,Yasir Naqvi,Member of Parliament
600827,2024-03-01,Yasir Naqvi,Member of Parliament,1,Yasir Naqvi,Member of Parliament,Yasir Naqvi,Member of Parliament
595269,2024-03-04,Yasir Naqvi,Member of Parliament,1,Yasir Naqvi,Member of Parliament,Yasir Naqvi,Member of Parliament
595990,2024-03-11,Yasir Naqvi,Member of Parliament,1,Yasir Naqvi,Member of Parliament,Yasir Naqvi,Member of Parliament
598889,2024-03-12,Yasir Naqvi,Member of Parliament,1,Yasir Naqvi,Member of Parliament,Yasir Naqvi,Member of Parliament
599134,2024-03-13,Yasir Naqvi,Member of Parliament,1,Yasir Naqvi,Member of Parliament,Yasir Naqvi,Member of Parliament
600379,2024-03-14,Yasir Naqvi,Member of Parliament,1,Yasir Naqvi,Member of Parliament,Yasir Naqvi,Member of Parliament
600407,2024-03-14,Yasir Naqvi,Member of Parliament,1,Yasir Naqvi,Member of Parliament,Yasir Naqvi,Member of Parliament
600695,2024-03-14,Yasir Naqvi,Member of Parliament,1,Yasir Naqvi,Member of Parliament,Yasir Naqvi,Member of Parliament
611868,2024-03-14,Yasir Naqvi,Member of Parliament,1,Yasir Naqvi,Member of Parliament,Yasir Naqvi,Member of Parliament
598305,2024-03-19,Yasir Naqvi,Member of Parliament,1,Yasir Naqvi,Member of Parliament,Yasir Naqvi,Member of Parliament
598911,2024-03-19,Yasir Naqvi,Member of Parliament,1,Yasir Naqvi,Member of Parliament,Yasir Naqvi,Member of Parliament
598841,2024-03-20,Yasir Naqvi,Member of Parliament,1,Yasir Naqvi,Member of Parliament,Yasir Naqvi,Member of Parliament
599598,2024-03-20,Yasir Naqvi,Member of Parliament,1,Yasir Naqvi,Member of Parliament,Yasir Naqvi,Member of Parliament
600161,2024-03-20,Yasir Naqvi,Member of Parliament,1,Yasir Naqvi,Member of Parliament,Yasir Naqvi,Member of Parliament
598581,2024-03-21,Yasir Naqvi,Member of Parliament,1,Yasir Naqvi,Member of Parliament,Yasir Naqvi,Member of Parliament
600304,2024-03-21,Yasir Naqvi,Member of Parliament,1,Yasir Naqvi,Member of Parliament,Yasir Naqvi,Member of Parliament
600590,2024-03-22,Yasir Naqvi,Member of Parliament,1,Yasir Naqvi,Member of Parliament,Yasir Naqvi,Member of Parliament
598467,2024-03-22,Yasir Naqvi,Parliamentary Secretary,1,Yasir Naqvi,Parliamentary Secretary,Yasir Naqvi,Member of Parliament
598468,2024-03-22,Yasir Naqvi,Parliamentary Secretary,1,Yasir Naqvi,Parliamentary Secretary,Yasir Naqvi,Member of Parliament
598517,2024-03-25,Yasir Naqvi,Member of Parliament,1,Yasir Naqvi,Member of Parliament,Yasir Naqvi,Member of Parliament
599321,2024-03-25,Yasir Naqvi,Member of Parliament,1,Yasir Naqvi,Member of Parliament,Yasir Naqvi,Member of Parliament
598561,2024-03-26,Yasir Naqvi,Member of Parliament,1,Yasir Naqvi,Member of Parliament,Yasir Naqvi,Member of Parliament
598562,2024-03-26,Yasir Naqvi,Member of Parliament,1,Yasir Naqvi,Member of Parliament,Yasir Naqvi,Member of Parliament
598751,2024-03-27,Yasir Naqvi,Member of Parliament,1,Yasir Naqvi,Member of Parliament,Yasir Naqvi,Member of Parliament
599262,2024-04-02,Yasir Naqvi,Member of Parliament,1,Yasir Naqvi,Member of Parliament,Yasir Naqvi,Member of Parliament
601618,2024-04-02,Yasir Naqvi,Member of Parliament,1,Yasir Naqvi,Member of Parliament,Yasir Naqvi,Member of Parliament
604673,2024-04-02,Yasir Naqvi,Member of Parliament,1,Yasir Naqvi,Member of Parliament,Yasir Naqvi,Member of Parliament
600878,2024-04-03,Yasir Naqvi,Member of Parliament,1,Yasir Naqvi,Member of Parliament,Yasir Naqvi,Member of Parliament
600246,2024-04-04,Yasir Naqvi,Member of Parliament,1,Yasir Naqvi,Member of Parliament,Yasir Naqvi,Member of Parliament
603558,2024-04-05,Yasir Naqvi,Member of Parliament,1,Yasir Naqvi,Member of Parliament,Yasir Naqvi,Member of Parliament
599187,2024-04-08,Yasir Naqvi,Member of Parliament,1,Yasir Naqvi,Member of Parliament,Yasir Naqvi,Member of Parliament
603978,2024-04-08,Yasir Naqvi,Member of Parliament,1,Yasir Naqvi,Member of Parliament,Yasir Naqvi,Member of Parliament
604192,2024-04-08,Yasir Naqvi,Member of Parliament,1,Yasir Naqvi,Member of Parliament,Yasir Naqvi,Member of Parliament
600994,2024-04-09,Yasir Naqvi,Member of Parliament,1,Yasir Naqvi,Member of Parliament,Yasir Naqvi,Member of Parliament
602065,2024-04-09,Yasir Naqvi,Member of Parliament,1,Yasir Naqvi,Member of Parliament,Yasir Naqvi,Member of Parliament
603011,2024-04-09,Yasir Naqvi,Member of Parliament,1,Yasir Naqvi,Member of Parliament,Yasir Naqvi,Member of Parliament
603378,2024-04-10,Yasir Naqvi,Member of Parliament,1,Yasir Naqvi,Member of Parliament,Yasir Naqvi,Member of Parliament
605212,2024-04-10,Yasir Naqvi,Member of Parliament,1,Yasir Naqvi,Member of Parliament,Yasir Naqvi,Member of Parliament
600171,2024-04-11,Yasir Naqvi,Member of Parliament,1,Yasir Naqvi,Member of Parliament,Yasir Naqvi,Member of Parliament
601604,2024-04-11,Yasir Naqvi,Member of Parliament,1,Yasir Naqvi,Member of Parliament,Yasir Naqvi,Member of Parliament
600081,2024-04-12,Yasir Naqvi,Member of Parliament,1,Yasir Naqvi,Member of Parliament,Yasir Naqvi,Member of Parliament
600086,2024-04-12,Yasir Naqvi,Member of Parliament,1,Yasir Naqvi,Member of Parliament,Yasir Naqvi,Member of Parliament
602508,2024-04-16,Yasir Naqvi,Member of Parliament,1,Yasir Naqvi,Member of Parliament,Yasir Naqvi,Member of Parliament
604428,2024-04-18,Yasir Naqvi,Member of Parliament,1,Yasir Naqvi,Member of Parliament,Yasir Naqvi,Member of Parliament
604660,2024-04-18,Yasir Naqvi,Member of Parliament,1,Yasir Naqvi,Member of Parliament,Yasir Naqvi,Member of Parliament
601528,2024-04-29,Yasir Naqvi,Member of Parliament,1,Yasir Naqvi,Member of Parliament,Yasir Naqvi,Member of Parliament
603395,2024-04-30,Yasir Naqvi,Member of Parliament,1,Yasir Naqvi,Member of Parliament,Yasir Naqvi,Member of Parliament
604545,2024-04-30,Yasir Naqvi,Member of Parliament,1,Yasir Naqvi,Member of Parliament,Yasir Naqvi,Member of Parliament
604832,2024-04-30,Yasir Naqvi,Member of Parliament,1,Yasir Naqvi,Member of Parliament,Yasir Naqvi,Member of Parliament
602096,2024-05-07,Yasir Naqvi,Member of Parliament,1,Yasir Naqvi,Member of Parliament,Yasir Naqvi,Member of Parliament
603529,2024-05-07,Yasir Naqvi,Member of Parliament,1,Yasir Naqvi,Member of Parliament,Yasir Naqvi,Member of Parliament
608247,2024-05-07,Yasir Naqvi,Member of Parliament,1,Yasir Naqvi,Member of Parliament,Yasir Naqvi,Member of Parliament
607833,2024-05-07,Yasir Naqvi,Parliamentary Secretary,1,Yasir Naqvi,Parliamentary Secretary,Yasir Naqvi,Member of Parliament
605756,2024-05-08,Yasir Naqvi,Member of Parliament,1,Yasir Naqvi,Member of Parliament,Yasir Naqvi,Member of Parliament
607218,2024-05-09,Yasir Naqvi,Member of Parliament,1,Yasir Naqvi,Member of Parliament,Yasir Naqvi,Member of Parliament
607277,2024-05-09,Yasir Naqvi,Member of Parliament,1,Yasir Naqvi,Member of Parliament,Yasir Naqvi,Member of Parliament
607328,2024-05-09,Yasir Naqvi,Member of Parliament,1,Yasir Naqvi,Member of Parliament,Yasir Naqvi,Member of Parliament
603072,2024-05-13,Yasir Naqvi,Member of Parliament,1,Yasir Naqvi,Member of Parliament,Yasir Naqvi,Member of Parliament
603334,2024-05-13,Yasir Naqvi,Member of Parliament,1,Yasir Naqvi,Member of Parliament,Yasir Naqvi,Member of Parliament
605606,2024-05-15,Yasir Naqvi,Parliamentary Secretary,1,Yasir Naqvi,Parliamentary Secretary,Yasir Naqvi,Member of Parliament
608121,2024-05-16,Yasir Naqvi,Parliamentary Secretary,1,Yasir Naqvi,Parliamentary Secretary,Yasir Naqvi,Member of Parliament
613594,2024-05-21,Yasir Naqvi,Member of Parliament,1,Yasir Naqvi,Member of Parliament,Yasir Naqvi,Member of Parliament
606143,2024-05-22,Yasir Naqvi,Member of Parliament,1,Yasir Naqvi,Member of Parliament,Yasir Naqvi,Member of Parliament
606548,2024-05-22,Yasir Naqvi,Member of Parliament,1,Yasir Naqvi,Member of Parliament,Yasir Naqvi,Member of Parliament
608722,2024-05-23,Yasir Naqvi,Member of Parliament,1,Yasir Naqvi,Member of Parliament,Yasir Naqvi,Member of Parliament
606822,2024-05-28,Yasir Naqvi,Member of Parliament,1,Yasir Naqvi,Member of Parliament,Yasir Naqvi,Member of Parliament
606839,2024-05-28,Yasir Naqvi,Member of Parliament,1,Yasir Naqvi,Member of Parliament,Yasir Naqvi,Member of Parliament
607120,2024-05-28,Yasir Naqvi,Member of Parliament,1,Yasir Naqvi,Member of Parliament,Yasir Naqvi,Member of Parliament
608981,2024-05-30,Yasir Naqvi,Member of Parliament,1,Yasir Naqvi,Member of Parliament,Yasir Naqvi,Member of Parliament
606316,2024-06-06,Yasir Naqvi,Member of Parliament,1,Yasir Naqvi,Member of Parliament,Yasir Naqvi,Member of Parliament
610665,2024-06-06,Yasir Naqvi,Member of Parliament,1,Yasir Naqvi,Member of Parliament,Yasir Naqvi,Member of Parliament
609208,2024-06-11,Yasir Naqvi,Member of Parliament,1,Yasir Naqvi,Member of Parliament,Yasir Naqvi,Member of Parliament
609709,2024-06-21,Yasir Naqvi,Member of Parliament,1,Yasir Naqvi,Member of Parliament,Yasir Naqvi,Member of Parliament
611181,2024-07-15,Yasir Naqvi,Member of Parliament,1,Yasir Naqvi,Member of Parliament,Yasir Naqvi,Member of Parliament
611197,2024-07-15,Yasir Naqvi,Member of Parliament,1,Yasir Naqvi,Member of Parliament,Yasir Naqvi,Member of Parliament
613495,2024-07-23,Yasir Naqvi,Member of Parliament,1,Yasir Naqvi,Member of Parliament,Yasir Naqvi,Member of Parliament
612439,2024-08-12,Yasir Naqvi,Member of Parliament,1,Yasir Naqvi,Member of Parliament,Yasir Naqvi,Member of Parliament
615962,2024-08-20,Yasir Naqvi,Member of Parliament,1,Yasir Naqvi,Member of Parliament,Yasir Naqvi,Member of Parliament
617650,2024-09-03,Yasir Naqvi,Member of Parliament,1,Yasir Naqvi,Member of Parliament,Yasir Naqvi,Member of Parliament
614842,2024-09-04,Yasir Naqvi,Member of Parliament,1,Yasir Naqvi,Member of Parliament,Yasir Naqvi,Member of Parliament
616042,2024-09-19,Yasir Naqvi,Member of Parliament,1,Yasir Naqvi,Member of Parliament,Yasir Naqvi,Member of Parliament
616986,2024-09-19,Yasir Naqvi,Member of Parliament,1,Yasir Naqvi,Member of Parliament,Yasir Naqvi,Member of Parliament
618049,2024-09-19,Yasir Naqvi,Member of Parliament,1,Yasir Naqvi,Member of Parliament,Yasir Naqvi,Member of Parliament
615378,2024-09-23,Yasir Naqvi,Member of Parliament,1,Yasir Naqvi,Member of Parliament,Yasir Naqvi,Member of Parliament
616814,2024-09-23,Yasir Naqvi,Member of Parliament,1,Yasir Naqvi,Member of Parliament,Yasir Naqvi,Member of Parliament
616822,2024-09-23,Yasir Naqvi,Member of Parliament,1,Yasir Naqvi,Member of Parliament,Yasir Naqvi,Member of Parliament
617550,2024-09-23,Yasir Naqvi,Member of Parliament,1,Yasir Naqvi,Member of Parliament,Yasir Naqvi,Member of Parliament
615563,2024-09-24,Yasir Naqvi,Member of Parliament,1,Yasir Naqvi,Member of Parliament,Yasir Naqvi,Member of Parliament
616367,2024-09-24,Yasir Naqvi,Member of Parliament,1,Yasir Naqvi,Member of Parliament,Yasir Naqvi,Member of Parliament
619848,2024-10-01,Yasir Naqvi,Member of Parliament,1,Yasir Naqvi,Member of Parliament,Yasir Naqvi,Member of Parliament
620388,2024-10-04,Yasir Naqvi,Member of Parliament,1,Yasir Naqvi,Member of Parliament,Yasir Naqvi,Member of Parliament
620357,2024-10-07,Yasir Naqvi,Member of Parliament,1,Yasir Naqvi,Member of Parliament,Yasir Naqvi,Member of Parliament
619029,2024-10-08,Yasir Naqvi,Member of Parliament,1,Yasir Naqvi,Member of Parliament,Yasir Naqvi,Member of Parliament
619282,2024-10-08,Yasir Naqvi,Member of Parliament,1,Yasir Naqvi,Member of Parliament,Yasir Naqvi,Member of Parliament
621163,2024-10-08,Yasir Naqvi,Member of Parliament,1,Yasir Naqvi,Member of Parliament,Yasir Naqvi,Member of Parliament
616728,2024-10-09,Yasir Naqvi,Member of Parliament,1,Yasir Naqvi,Member of Parliament,Yasir Naqvi,Member of Parliament
623375,2024-10-17,Yasir Naqvi,Member of Parliament,1,Yasir Naqvi,Member of Parliament,Yasir Naqvi,Member of Parliament
622556,2024-10-21,Yasir Naqvi,Member of Parliament,1,Yasir Naqvi,Member of Parliament,Yasir Naqvi,Member of Parliament
619663,2024-10-22,Yasir Naqvi,Member of Parliament,1,Yasir Naqvi,Member of Parliament,Yasir Naqvi,Member of Parliament
619664,2024-10-22,Yasir Naqvi,Member of Parliament,1,Yasir Naqvi,Member of Parliament,Yasir Naqvi,Member of Parliament
620451,2024-10-22,Yasir Naqvi,Member of Parliament,1,Yasir Naqvi,Member of Parliament,Yasir Naqvi,Member of Parliament
621070,2024-10-22,Yasir Naqvi,Member of Parliament,1,Yasir Naqvi,Member of Parliament,Yasir Naqvi,Member of Parliament
622640,2024-10-22,Yasir Naqvi,Member of Parliament,1,Yasir Naqvi,Member of Parliament,Yasir Naqvi,Member of Parliament
623707,2024-10-22,Yasir Naqvi,Member of Parliament,1,Yasir Naqvi,Member of Parliament,Yasir Naqvi,Member of Parliament
623954,2024-10-22,Yasir Naqvi,Member of Parliament,1,Yasir Naqvi,Member of Parliament,Yasir Naqvi,Member of Parliament
620475,2024-10-23,Yasir Naqvi,Member of Parliament,1,Yasir Naqvi,Member of Parliament,Yasir Naqvi,Member of Parliament
620840,2024-10-23,Yasir Naqvi,Member of Parliament,1,Yasir Naqvi,Member of Parliament,Yasir Naqvi,Member of Parliament
620868,2024-10-23,Yasir Naqvi,Member of Parliament,1,Yasir Naqvi,Member of Parliament,Yasir Naqvi,Member of Parliament
620906,2024-10-23,Yasir Naqvi,Member of Parliament,1,Yasir Naqvi,Member of Parliament,Yasir Naqvi,Member of Parliament
620938,2024-10-23,Yasir Naqvi,Member of Parliament,1,Yasir Naqvi,Member of Parliament,Yasir Naqvi,Member of Parliament
620436,2024-10-24,Yasir Naqvi,Member of Parliament,1,Yasir Naqvi,Member of Parliament,Yasir Naqvi,Member of Parliament
620877,2024-10-24,Yasir Naqvi,Member of Parliament,1,Yasir Naqvi,Member of Parliament,Yasir Naqvi,Member of Parliament
621887,2024-10-24,Yasir Naqvi,Member of Parliament,1,Yasir Naqvi,Member of Parliament,Yasir Naqvi,Member of Parliament
619345,2024-10-29,Yasir Naqvi,Member of Parliament,1,Yasir Naqvi,Member of Parliament,Yasir Naqvi,Member of Parliament
623945,2024-11-04,Yasir Naqvi,Member of Parliament,1,Yasir Naqvi,Member of Parliament,Yasir Naqvi,Member of Parliament
624244,2024-11-14,Yasir Naqvi,Member of Parliament,1,Yasir Naqvi,Member of Parliament,Yasir Naqvi,Member of Parliament
627238,2024-11-21,Yasir Naqvi,Member of Parliament,1,Yasir Naqvi,Member of Parliament,Yasir Naqvi,Member of Parliament
624747,2024-11-22,Yasir Naqvi,Member of Parliament,1,Yasir Naqvi,Member of Parliament,Yasir Naqvi,Member of Parliament
626258,2024-11-22,Yasir Naqvi,Member of Parliament,1,Yasir Naqvi,Member of Parliament,Yasir Naqvi,Member of Parliament
627220,2024-11-26,Yasir Naqvi,Member of Parliament,1,Yasir Naqvi,Member of Parliament,Yasir Naqvi,Member of Parliament
629837,2024-11-26,Yasir Naqvi,Member of Parliament,1,Yasir Naqvi,Member of Parliament,Yasir Naqvi,Member of Parliament
624305,2024-11-30,Yasir Naqvi,Member of Parliament,1,Yasir Naqvi,Member of Parliament,Yasir Naqvi,Member of Parliament
629005,2024-12-02,Yasir Naqvi,Member of Parliament,1,Yasir Naqvi,Member of Parliament,Yasir Naqvi,Member of Parliament
624847,2024-12-03,Yasir Naqvi,Member of Parliament,1,Yasir Naqvi,Member of Parliament,Yasir Naqvi,Member of Parliament
627629,2024-12-05,Yasir Naqvi,Member of Parliament,1,Yasir Naqvi,Member of Parliament,Yasir Naqvi,Member of Parliament
628873,2024-12-10,Yasir Naqvi,Member of Parliament,1,Yasir Naqvi,Member of Parliament,Yasir Naqvi,Member of Parliament
628853,2024-12-17,Yasir Naqvi,Member of Parliament,1,Yasir Naqvi,Member of Parliament,Yasir Naqvi,Member of Parliament
631605,2025-01-30,Yasir Naqvi,Member of Parliament,1,Yasir Naqvi,Member of Parliament,Yasir Naqvi,Member of Parliament
630230,2025-02-04,Yasir Naqvi,Member of Parliament,1,Yasir Naqvi,Member of Parliament,Yasir Naqvi,Member of Parliament
633673,2025-02-04,Yasir Naqvi,Member of Parliament,1,Yasir Naqvi,Member of Parliament,Yasir Naqvi,Member of Parliament
631698,2025-02-05,Yasir Naqvi,Member of Parliament,1,Yasir Naqvi,Member of Parliament,Yasir Naqvi,Member of Parliament
631777,2025-02-20,Yasir Naqvi,Member of Parliament,1,Yasir Naqvi,Member of Parliament,Yasir Naqvi,Member of Parliament
634626,2025-03-14,Yasir Naqvi,Member of Parliament,1,Yasir Naqvi,Member of Parliament,Yasir Naqvi,Member of Parliament
636392,2025-06-03,Yasir Naqvi,Member of Parliament,1,Yasir Naqvi,Member of Parliament,Yasir Naqvi,Member of Parliament
596076,2024-02-28,Yasir  Sultan,Executive Director,1,Yasir Sultan,Executive Director,Yasir Sultan,Executive Director
589567,2023-12-14,Yasir  Sultan ,"Director, Construction Sector Digitalization and Productivity",1,Yasir Sultan,"Director, Construction Sector Digitalization and Productivity",Yasir Sultan,Executive Director
631732,2025-02-14,Yasir  Sultan ,Executive Director,1,Yasir Sultan,Executive Director,Yasir Sultan,Executive Director
579149,2023-09-08,Yasir Sultan,"Director, Program",1,Yasir Sultan,"Director, Program",Yasir Sultan,Executive Director
586162,2023-11-15,Yasir Sultan,"Director, Construction Sector Digitalization and Productivity",1,Yasir Sultan,"Director, Construction Sector Digitalization and Productivity",Yasir Sultan,Executive Director
617372,2024-09-27,Yasir Sultan,"Director, Program",1,Yasir Sultan,"Director, Program",Yasir Sultan,Executive Director
253569,2012-12-17,Yasir Syed,Senior Project Leader,1,Yasir Syed,Senior Project Leader,Yasir Syed,Senior Project Leader
433649,2018-08-02,Yasman Ratansi,Member of Parliament,1,Yasman Ratansi,Member of Parliament,Yasmin Ratanski,Member of Parliament
382614,2016-07-27,Yasmeen Gagnon,Senior Program Officer,1,Yasmeen Gagnon,Senior Program Officer,Yasmeen Gagnon,Senior Program Officer
408621,2017-09-22,Yasmeen Gagnon,Senior Program Officer,1,Yasmeen Gagnon,Senior Program Officer,Yasmeen Gagnon,Senior Program Officer
319433,2014-02-04,Yasmina Ghibely,Senior Advisor,1,Yasmina Ghibely,Senior Advisor,Yasmina Ghibely,Senior Advisor
575517,2023-08-31,Yasmin Atassi,Policy Advisor,1,Yasmin Atassi,Policy Advisor,Yasmin Atassi,Policy Advisor
571672,2023-06-13,Yasmin  Bubteina,Legislative Assistant,1,Yasmin Bubteina,Legislative Assistant,Yasmine Bubteina,Legislative Assistant
520472,2022-01-20,Yasmine  Atassi,Executive Assistant to the Chief of Staff,1,Yasmine Atassi,Executive Assistant to the Chief of Staff,Yasmine Atassi,Policy Advisor
582251,2023-10-06,Yasmine  Atassi,Policy Advisor,1,Yasmine Atassi,Policy Advisor,Yasmine Atassi,Policy Advisor
585865,2023-11-16,Yasmine  Atassi,Policy Advisor,1,Yasmine Atassi,Policy Advisor,Yasmine Atassi,Policy Advisor
603503,2024-04-30,Yasmine  Atassi,Special Assistant,1,Yasmine Atassi,Special Assistant,Yasmine Atassi,Policy Advisor
544402,2022-10-06,Yasmine  Atassi ,Special Assistant,1,Yasmine Atassi,Special Assistant,Yasmine Atassi,Policy Advisor
595475,2024-03-06,Yasmine  Atassi ,Policy Advisor,1,Yasmine Atassi,Policy Advisor,Yasmine Atassi,Policy Advisor
603134,2024-05-09,Yasmine  Atassi ,Policy Advisor,1,Yasmine Atassi,Policy Advisor,Yasmine Atassi,Policy Advisor
512107,2021-08-05,Yasmine Atassi,"Executive Assistant to the Chief of Staff and Special Assistant, Policy",1,Yasmine Atassi,"Executive Assistant to the Chief of Staff and Special Assistant, Policy",Yasmine Atassi,Policy Advisor
514764,2021-08-05,Yasmine Atassi,"Executive Assistant to the Chief of Staff and Special Assistant, Policy",1,Yasmine Atassi,"Executive Assistant to the Chief of Staff and Special Assistant, Policy",Yasmine Atassi,Policy Advisor
518317,2021-11-22,Yasmine Atassi,Policy Advisor,1,Yasmine Atassi,Policy Advisor,Yasmine Atassi,Policy Advisor
518984,2021-12-16,Yasmine Atassi,Special Assistant,1,Yasmine Atassi,Special Assistant,Yasmine Atassi,Policy Advisor
520373,2022-01-18,Yasmine Atassi,Special Assistant,1,Yasmine Atassi,Special Assistant,Yasmine Atassi,Policy Advisor
521704,2022-01-21,Yasmine Atassi,Policy Advisor,1,Yasmine Atassi,Policy Advisor,Yasmine Atassi,Policy Advisor
521139,2022-01-21,Yasmine Atassi,Special Assistant,1,Yasmine Atassi,Special Assistant,Yasmine Atassi,Policy Advisor
521538,2022-01-26,Yasmine Atassi,Special Assistant,1,Yasmine Atassi,Special Assistant,Yasmine Atassi,Policy Advisor
520903,2022-01-27,Yasmine Atassi,Executive Assistant to the Chief of Staff,1,Yasmine Atassi,Executive Assistant to the Chief of Staff,Yasmine Atassi,Policy Advisor
520864,2022-01-27,Yasmine Atassi,Policy Assistant,1,Yasmine Atassi,Policy Assistant,Yasmine Atassi,Policy Advisor
521003,2022-01-31,Yasmine Atassi,"Executive Assistant to the Chief of Staff and Special Assistant, Policy",1,Yasmine Atassi,"Executive Assistant to the Chief of Staff and Special Assistant, Policy",Yasmine Atassi,Policy Advisor
521767,2022-02-10,Yasmine Atassi,Special Assistant,1,Yasmine Atassi,Special Assistant,Yasmine Atassi,Policy Advisor
526215,2022-02-25,Yasmine Atassi,Special Assistant,1,Yasmine Atassi,Special Assistant,Yasmine Atassi,Policy Advisor
525137,2022-03-07,Yasmine Atassi,Executive Assistant to Chief of Staff,1,Yasmine Atassi,Executive Assistant to Chief of Staff,Yasmine Atassi,Policy Advisor
525897,2022-03-09,Yasmine Atassi,Special Assistant,1,Yasmine Atassi,Special Assistant,Yasmine Atassi,Policy Advisor
526842,2022-03-14,Yasmine Atassi,Special Assistant,1,Yasmine Atassi,Special Assistant,Yasmine Atassi,Policy Advisor
527040,2022-03-14,Yasmine Atassi,Special Assistant,1,Yasmine Atassi,Special Assistant,Yasmine Atassi,Policy Advisor
528482,2022-03-21,Yasmine Atassi,Special Assistant,1,Yasmine Atassi,Special Assistant,Yasmine Atassi,Policy Advisor
528676,2022-03-21,Yasmine Atassi,Special Assistant,1,Yasmine Atassi,Special Assistant,Yasmine Atassi,Policy Advisor
530264,2022-03-28,Yasmine Atassi,Special Assistant,1,Yasmine Atassi,Special Assistant,Yasmine Atassi,Policy Advisor
530616,2022-04-13,Yasmine Atassi,Special Assistant,1,Yasmine Atassi,Special Assistant,Yasmine Atassi,Policy Advisor
530639,2022-04-26,Yasmine Atassi,Special Assistant,1,Yasmine Atassi,Special Assistant,Yasmine Atassi,Policy Advisor
534332,2022-05-05,Yasmine Atassi,Special Assistant,1,Yasmine Atassi,Special Assistant,Yasmine Atassi,Policy Advisor
531653,2022-05-12,Yasmine Atassi,Special Assistant,1,Yasmine Atassi,Special Assistant,Yasmine Atassi,Policy Advisor
533414,2022-05-16,Yasmine Atassi,Special Assistant,1,Yasmine Atassi,Special Assistant,Yasmine Atassi,Policy Advisor
535360,2022-05-26,Yasmine Atassi,Special Assistant,1,Yasmine Atassi,Special Assistant,Yasmine Atassi,Policy Advisor
536062,2022-06-20,Yasmine Atassi,Special Assistant,1,Yasmine Atassi,Special Assistant,Yasmine Atassi,Policy Advisor
537686,2022-06-28,Yasmine Atassi,Special Assistant,1,Yasmine Atassi,Special Assistant,Yasmine Atassi,Policy Advisor
540298,2022-07-11,Yasmine Atassi,Special Assistant,1,Yasmine Atassi,Special Assistant,Yasmine Atassi,Policy Advisor
540308,2022-07-11,Yasmine Atassi,Special Assistant,1,Yasmine Atassi,Special Assistant,Yasmine Atassi,Policy Advisor
544489,2022-09-20,Yasmine Atassi,Special Assistant,1,Yasmine Atassi,Special Assistant,Yasmine Atassi,Policy Advisor
557528,2022-09-27,Yasmine Atassi,Policy Advisor,1,Yasmine Atassi,Policy Advisor,Yasmine Atassi,Policy Advisor
542753,2022-09-27,Yasmine Atassi,Special Assistant,1,Yasmine Atassi,Special Assistant,Yasmine Atassi,Policy Advisor
542408,2022-09-28,Yasmine Atassi,Special Assistant,1,Yasmine Atassi,Special Assistant,Yasmine Atassi,Policy Advisor
542409,2022-09-28,Yasmine Atassi,Special Assistant,1,Yasmine Atassi,Special Assistant,Yasmine Atassi,Policy Advisor
544492,2022-10-17,Yasmine Atassi,Special Assistant,1,Yasmine Atassi,Special Assistant,Yasmine Atassi,Policy Advisor
549526,2022-11-02,Yasmine Atassi,Special Assistant,1,Yasmine Atassi,Special Assistant,Yasmine Atassi,Policy Advisor
548252,2022-11-22,Yasmine Atassi,Policy Advisor,1,Yasmine Atassi,Policy Advisor,Yasmine Atassi,Policy Advisor
554436,2022-12-02,Yasmine Atassi,Policy Advisor,1,Yasmine Atassi,Policy Advisor,Yasmine Atassi,Policy Advisor
552588,2022-12-02,Yasmine Atassi,Special Assistant,1,Yasmine Atassi,Special Assistant,Yasmine Atassi,Policy Advisor
555398,2023-01-11,Yasmine Atassi,Policy Advisor,1,Yasmine Atassi,Policy Advisor,Yasmine Atassi,Policy Advisor
571179,2023-01-11,Yasmine Atassi,Policy Advisor,1,Yasmine Atassi,Policy Advisor,Yasmine Atassi,Policy Advisor
555515,2023-01-11,Yasmine Atassi,Special Assistant,1,Yasmine Atassi,Special Assistant,Yasmine Atassi,Policy Advisor
555557,2023-01-11,Yasmine Atassi,Special Assistant,1,Yasmine Atassi,Special Assistant,Yasmine Atassi,Policy Advisor
556780,2023-01-11,Yasmine Atassi,Special Assistant,1,Yasmine Atassi,Special Assistant,Yasmine Atassi,Policy Advisor
556787,2023-01-11,Yasmine Atassi,Special Assistant,1,Yasmine Atassi,Special Assistant,Yasmine Atassi,Policy Advisor
554615,2023-01-19,Yasmine Atassi,Policy Advisor,1,Yasmine Atassi,Policy Advisor,Yasmine Atassi,Policy Advisor
555735,2023-01-19,Yasmine Atassi,Special Assistant,1,Yasmine Atassi,Special Assistant,Yasmine Atassi,Policy Advisor
559867,2023-02-06,Yasmine Atassi,Special Assistant,1,Yasmine Atassi,Special Assistant,Yasmine Atassi,Policy Advisor
559477,2023-02-15,Yasmine Atassi,Policy Advisor,1,Yasmine Atassi,Policy Advisor,Yasmine Atassi,Policy Advisor
557209,2023-02-16,Yasmine Atassi,Policy Advisor,1,Yasmine Atassi,Policy Advisor,Yasmine Atassi,Policy Advisor
558600,2023-02-23,Yasmine Atassi,Policy Advisor,1,Yasmine Atassi,Policy Advisor,Yasmine Atassi,Policy Advisor
559485,2023-02-24,Yasmine Atassi,Policy Advisor,1,Yasmine Atassi,Policy Advisor,Yasmine Atassi,Policy Advisor
557719,2023-03-01,Yasmine Atassi,Policy Advisor,1,Yasmine Atassi,Policy Advisor,Yasmine Atassi,Policy Advisor
557820,2023-03-01,Yasmine Atassi,Policy Advisor,1,Yasmine Atassi,Policy Advisor,Yasmine Atassi,Policy Advisor
561226,2023-03-09,Yasmine Atassi,Policy Advisor,1,Yasmine Atassi,Policy Advisor,Yasmine Atassi,Policy Advisor
561317,2023-03-09,Yasmine Atassi,Policy Advisor,1,Yasmine Atassi,Policy Advisor,Yasmine Atassi,Policy Advisor
561552,2023-03-09,Yasmine Atassi,Policy Advisor,1,Yasmine Atassi,Policy Advisor,Yasmine Atassi,Policy Advisor
559035,2023-03-09,Yasmine Atassi,Special Assistant,1,Yasmine Atassi,Special Assistant,Yasmine Atassi,Policy Advisor
561965,2023-03-09,Yasmine Atassi,"Special Assistant, Minister's Office",1,Yasmine Atassi,"Special Assistant, Minister's Office",Yasmine Atassi,Policy Advisor
618726,2023-03-09,Yasmine Atassi,"Special Assistant, Minister's Office",1,Yasmine Atassi,"Special Assistant, Minister's Office",Yasmine Atassi,Policy Advisor
560989,2023-03-31,Yasmine Atassi,Policy Advisor,1,Yasmine Atassi,Policy Advisor,Yasmine Atassi,Policy Advisor
566123,2023-04-04,Yasmine Atassi,Special Assistant,1,Yasmine Atassi,Special Assistant,Yasmine Atassi,Policy Advisor
564648,2023-04-27,Yasmine Atassi,Policy Advisor,1,Yasmine Atassi,Policy Advisor,Yasmine Atassi,Policy Advisor
570321,2023-05-09,Yasmine Atassi,Policy Advisor,1,Yasmine Atassi,Policy Advisor,Yasmine Atassi,Policy Advisor
569389,2023-05-16,Yasmine Atassi,Policy Advisor,1,Yasmine Atassi,Policy Advisor,Yasmine Atassi,Policy Advisor
566975,2023-05-25,Yasmine Atassi,Policy Advisor,1,Yasmine Atassi,Policy Advisor,Yasmine Atassi,Policy Advisor
567443,2023-05-25,Yasmine Atassi,Policy Advisor,1,Yasmine Atassi,Policy Advisor,Yasmine Atassi,Policy Advisor
567937,2023-05-29,Yasmine Atassi,Policy Advisor,1,Yasmine Atassi,Policy Advisor,Yasmine Atassi,Policy Advisor
575640,2023-05-29,Yasmine Atassi,Policy Advisor,1,Yasmine Atassi,Policy Advisor,Yasmine Atassi,Policy Advisor
571583,2023-06-05,Yasmine Atassi,Policy Advisor,1,Yasmine Atassi,Policy Advisor,Yasmine Atassi,Policy Advisor
572382,2023-06-09,Yasmine Atassi,Policy Advisor,1,Yasmine Atassi,Policy Advisor,Yasmine Atassi,Policy Advisor
570566,2023-06-14,Yasmine Atassi,Policy Advisor,1,Yasmine Atassi,Policy Advisor,Yasmine Atassi,Policy Advisor
572688,2023-06-15,Yasmine Atassi,Special Assistant,1,Yasmine Atassi,Special Assistant,Yasmine Atassi,Policy Advisor
571242,2023-06-16,Yasmine Atassi,Policy Advisor,1,Yasmine Atassi,Policy Advisor,Yasmine Atassi,Policy Advisor
574868,2023-07-20,Yasmine Atassi,Policy Advisor,1,Yasmine Atassi,Policy Advisor,Yasmine Atassi,Policy Advisor
575111,2023-08-08,Yasmine Atassi,Policy Advisor,1,Yasmine Atassi,Policy Advisor,Yasmine Atassi,Policy Advisor
573986,2023-08-08,Yasmine Atassi,Special Assistant,1,Yasmine Atassi,Special Assistant,Yasmine Atassi,Policy Advisor
575112,2023-08-15,Yasmine Atassi,Policy Advisor,1,Yasmine Atassi,Policy Advisor,Yasmine Atassi,Policy Advisor
579637,2023-09-11,Yasmine Atassi,Advisor,1,Yasmine Atassi,Advisor,Yasmine Atassi,Policy Advisor
577512,2023-09-15,Yasmine Atassi,Policy Advisor,1,Yasmine Atassi,Policy Advisor,Yasmine Atassi,Policy Advisor
578084,2023-09-25,Yasmine Atassi,Policy Advisor,1,Yasmine Atassi,Policy Advisor,Yasmine Atassi,Policy Advisor
578101,2023-09-25,Yasmine Atassi,Policy Advisor,1,Yasmine Atassi,Policy Advisor,Yasmine Atassi,Policy Advisor
577389,2023-09-27,Yasmine Atassi,Policy Advisor,1,Yasmine Atassi,Policy Advisor,Yasmine Atassi,Policy Advisor
577786,2023-10-05,Yasmine Atassi,Policy Advisor,1,Yasmine Atassi,Policy Advisor,Yasmine Atassi,Policy Advisor
581828,2023-10-06,Yasmine Atassi,Policy Advisor,1,Yasmine Atassi,Policy Advisor,Yasmine Atassi,Policy Advisor
582916,2023-10-06,Yasmine Atassi,Special Assistant,1,Yasmine Atassi,Special Assistant,Yasmine Atassi,Policy Advisor
579795,2023-10-13,Yasmine Atassi,Policy Advisor,1,Yasmine Atassi,Policy Advisor,Yasmine Atassi,Policy Advisor
581246,2023-10-13,Yasmine Atassi,Policy Advisor,1,Yasmine Atassi,Policy Advisor,Yasmine Atassi,Policy Advisor
582232,2023-10-13,Yasmine Atassi,Policy Advisor,1,Yasmine Atassi,Policy Advisor,Yasmine Atassi,Policy Advisor
578830,2023-10-13,Yasmine Atassi,"Policy Advisor, Natural Resources Canada",1,Yasmine Atassi,"Policy Advisor, Natural Resources Canada",Yasmine Atassi,Policy Advisor
584264,2023-10-17,Yasmine Atassi,Special Assistant,1,Yasmine Atassi,Special Assistant,Yasmine Atassi,Policy Advisor
581583,2023-10-24,Yasmine Atassi,Policy Advisor,1,Yasmine Atassi,Policy Advisor,Yasmine Atassi,Policy Advisor
580466,2023-10-26,Yasmine Atassi,Policy Advisor,1,Yasmine Atassi,Policy Advisor,Yasmine Atassi,Policy Advisor
581253,2023-10-27,Yasmine Atassi,Policy Advisor,1,Yasmine Atassi,Policy Advisor,Yasmine Atassi,Policy Advisor
584063,2023-10-27,Yasmine Atassi,Policy Advisor,1,Yasmine Atassi,Policy Advisor,Yasmine Atassi,Policy Advisor
582908,2023-10-27,Yasmine Atassi,Special Assistant,1,Yasmine Atassi,Special Assistant,Yasmine Atassi,Policy Advisor
584280,2023-10-27,Yasmine Atassi,Special Assistant,1,Yasmine Atassi,Special Assistant,Yasmine Atassi,Policy Advisor
589877,2023-11-01,Yasmine Atassi,Policy Advisor,1,Yasmine Atassi,Policy Advisor,Yasmine Atassi,Policy Advisor
591968,2023-11-01,Yasmine Atassi,Policy Advisor,1,Yasmine Atassi,Policy Advisor,Yasmine Atassi,Policy Advisor
587054,2023-11-02,Yasmine Atassi,Policy Advisor,1,Yasmine Atassi,Policy Advisor,Yasmine Atassi,Policy Advisor
589343,2023-11-02,Yasmine Atassi,Policy Advisor,1,Yasmine Atassi,Policy Advisor,Yasmine Atassi,Policy Advisor
581255,2023-11-03,Yasmine Atassi,Policy Advisor,1,Yasmine Atassi,Policy Advisor,Yasmine Atassi,Policy Advisor
589449,2023-11-06,Yasmine Atassi,Policy Advisor,1,Yasmine Atassi,Policy Advisor,Yasmine Atassi,Policy Advisor
584386,2023-11-10,Yasmine Atassi,Policy Advisor,1,Yasmine Atassi,Policy Advisor,Yasmine Atassi,Policy Advisor
587086,2023-11-15,Yasmine Atassi,Policy Advisor,1,Yasmine Atassi,Policy Advisor,Yasmine Atassi,Policy Advisor
585473,2023-11-17,Yasmine Atassi,Policy Advisor,1,Yasmine Atassi,Policy Advisor,Yasmine Atassi,Policy Advisor
588731,2023-11-21,Yasmine Atassi,Policy Advisor,1,Yasmine Atassi,Policy Advisor,Yasmine Atassi,Policy Advisor
588736,2023-11-23,Yasmine Atassi,Policy Advisor,1,Yasmine Atassi,Policy Advisor,Yasmine Atassi,Policy Advisor
586247,2023-11-24,Yasmine Atassi,Policy Advisor,1,Yasmine Atassi,Policy Advisor,Yasmine Atassi,Policy Advisor
588738,2023-11-27,Yasmine Atassi,Policy Advisor,1,Yasmine Atassi,Policy Advisor,Yasmine Atassi,Policy Advisor
588365,2023-11-27,Yasmine Atassi,Special Assistant,1,Yasmine Atassi,Special Assistant,Yasmine Atassi,Policy Advisor
585218,2023-11-28,Yasmine Atassi,Policy Advisor,1,Yasmine Atassi,Policy Advisor,Yasmine Atassi,Policy Advisor
589592,2023-11-28,Yasmine Atassi,Policy Advisor,1,Yasmine Atassi,Policy Advisor,Yasmine Atassi,Policy Advisor
587587,2023-11-30,Yasmine Atassi,Policy Advisor,1,Yasmine Atassi,Policy Advisor,Yasmine Atassi,Policy Advisor
588561,2023-11-30,Yasmine Atassi,Policy Advisor,1,Yasmine Atassi,Policy Advisor,Yasmine Atassi,Policy Advisor
588563,2023-11-30,Yasmine Atassi,Policy Advisor,1,Yasmine Atassi,Policy Advisor,Yasmine Atassi,Policy Advisor
590721,2023-12-19,Yasmine Atassi,Policy Advisor,1,Yasmine Atassi,Policy Advisor,Yasmine Atassi,Policy Advisor
592511,2024-01-22,Yasmine Atassi,Policy Advisor,1,Yasmine Atassi,Policy Advisor,Yasmine Atassi,Policy Advisor
596546,2024-02-02,Yasmine Atassi,Policy Advisor,1,Yasmine Atassi,Policy Advisor,Yasmine Atassi,Policy Advisor
594517,2024-02-05,Yasmine Atassi,Policy Advisor,1,Yasmine Atassi,Policy Advisor,Yasmine Atassi,Policy Advisor
594518,2024-02-08,Yasmine Atassi,Policy Advisor,1,Yasmine Atassi,Policy Advisor,Yasmine Atassi,Policy Advisor
597958,2024-02-09,Yasmine Atassi,Policy Advisor,1,Yasmine Atassi,Policy Advisor,Yasmine Atassi,Policy Advisor
597489,2024-02-13,Yasmine Atassi,Policy Advisor,1,Yasmine Atassi,Policy Advisor,Yasmine Atassi,Policy Advisor
595740,2024-02-14,Yasmine Atassi,Policy Advisor,1,Yasmine Atassi,Policy Advisor,Yasmine Atassi,Policy Advisor
594468,2024-02-26,Yasmine Atassi,Policy Advisor,1,Yasmine Atassi,Policy Advisor,Yasmine Atassi,Policy Advisor
595117,2024-02-28,Yasmine Atassi,Policy Advisor,1,Yasmine Atassi,Policy Advisor,Yasmine Atassi,Policy Advisor
597978,2024-02-28,Yasmine Atassi,Senior Policy Advisor,1,Yasmine Atassi,Senior Policy Advisor,Yasmine Atassi,Policy Advisor
595414,2024-02-29,Yasmine Atassi,Policy Advisor,1,Yasmine Atassi,Policy Advisor,Yasmine Atassi,Policy Advisor
600857,2024-03-06,Yasmine Atassi,Policy Advisor,1,Yasmine Atassi,Policy Advisor,Yasmine Atassi,Policy Advisor
599790,2024-03-08,Yasmine Atassi,Policy Advisor,1,Yasmine Atassi,Policy Advisor,Yasmine Atassi,Policy Advisor
599594,2024-03-11,Yasmine Atassi,Policy Advisor,1,Yasmine Atassi,Policy Advisor,Yasmine Atassi,Policy Advisor
600832,2024-03-19,Yasmine Atassi,Policy Advisor,1,Yasmine Atassi,Policy Advisor,Yasmine Atassi,Policy Advisor
599222,2024-03-20,Yasmine Atassi,Policy Advisor,1,Yasmine Atassi,Policy Advisor,Yasmine Atassi,Policy Advisor
599636,2024-03-20,Yasmine Atassi,Policy Advisor,1,Yasmine Atassi,Policy Advisor,Yasmine Atassi,Policy Advisor
599013,2024-03-25,Yasmine Atassi,Policy Advisor,1,Yasmine Atassi,Policy Advisor,Yasmine Atassi,Policy Advisor
602546,2024-04-09,Yasmine Atassi,Policy Advisor,1,Yasmine Atassi,Policy Advisor,Yasmine Atassi,Policy Advisor
600956,2024-04-11,Yasmine Atassi,Policy and Regional Advisor,1,Yasmine Atassi,Policy and Regional Advisor,Yasmine Atassi,Policy Advisor
604183,2024-04-12,Yasmine Atassi,Policy Advisor,1,Yasmine Atassi,Policy Advisor,Yasmine Atassi,Policy Advisor
602336,2024-04-19,Yasmine Atassi,"Senior Policy Advisor, Ontario",1,Yasmine Atassi,"Senior Policy Advisor, Ontario",Yasmine Atassi,Policy Advisor
604310,2024-04-25,Yasmine Atassi,Policy Advisor,1,Yasmine Atassi,Policy Advisor,Yasmine Atassi,Policy Advisor
602048,2024-04-25,Yasmine Atassi,Senior Policy Advisor,1,Yasmine Atassi,Senior Policy Advisor,Yasmine Atassi,Policy Advisor
601646,2024-04-30,Yasmine Atassi,Policy Advisor,1,Yasmine Atassi,Policy Advisor,Yasmine Atassi,Policy Advisor
603231,2024-04-30,Yasmine Atassi,Policy Advisor,1,Yasmine Atassi,Policy Advisor,Yasmine Atassi,Policy Advisor
603477,2024-04-30,Yasmine Atassi,Policy Advisor,1,Yasmine Atassi,Policy Advisor,Yasmine Atassi,Policy Advisor
603216,2024-04-30,Yasmine Atassi,Senior Policy Advisor,1,Yasmine Atassi,Senior Policy Advisor,Yasmine Atassi,Policy Advisor
603692,2024-04-30,Yasmine Atassi,"Senior Policy Advisor, Ontario",1,Yasmine Atassi,"Senior Policy Advisor, Ontario",Yasmine Atassi,Policy Advisor
604389,2024-04-30,Yasmine Atassi,"Senior Policy Advisor, Ontario",1,Yasmine Atassi,"Senior Policy Advisor, Ontario",Yasmine Atassi,Policy Advisor
604817,2024-04-30,Yasmine Atassi,"Senior Policy Advisor, Ontario",1,Yasmine Atassi,"Senior Policy Advisor, Ontario",Yasmine Atassi,Policy Advisor
602895,2024-04-30,Yasmine Atassi,Special Assistant,1,Yasmine Atassi,Special Assistant,Yasmine Atassi,Policy Advisor
603279,2024-04-30,Yasmine Atassi,"Special Assistant, Minister's Office",1,Yasmine Atassi,"Special Assistant, Minister's Office",Yasmine Atassi,Policy Advisor
601950,2024-04-30,Yasmine Atassi,"Staffer, Minister's Office",1,Yasmine Atassi,"Staffer, Minister's Office",Yasmine Atassi,Policy Advisor
608828,2024-05-08,Yasmine Atassi,"Senior Policy Advisor, Ontario",1,Yasmine Atassi,"Senior Policy Advisor, Ontario",Yasmine Atassi,Policy Advisor
608624,2024-05-24,Yasmine Atassi,Senior Policy Advisor,1,Yasmine Atassi,Senior Policy Advisor,Yasmine Atassi,Policy Advisor
607067,2024-05-27,Yasmine Atassi,Policy Advisor,1,Yasmine Atassi,Policy Advisor,Yasmine Atassi,Policy Advisor
605717,2024-05-28,Yasmine Atassi,Policy Advisor,1,Yasmine Atassi,Policy Advisor,Yasmine Atassi,Policy Advisor
606333,2024-05-28,Yasmine Atassi,"Senior Policy Advisor, Ontario",1,Yasmine Atassi,"Senior Policy Advisor, Ontario",Yasmine Atassi,Policy Advisor
607069,2024-05-31,Yasmine Atassi,Policy Advisor,1,Yasmine Atassi,Policy Advisor,Yasmine Atassi,Policy Advisor
611152,2024-06-05,Yasmine Atassi,Policy Advisor,1,Yasmine Atassi,Policy Advisor,Yasmine Atassi,Policy Advisor
609012,2024-06-05,Yasmine Atassi,"Senior Policy Advisor, Ontario",1,Yasmine Atassi,"Senior Policy Advisor, Ontario",Yasmine Atassi,Policy Advisor
609952,2024-06-05,Yasmine Atassi,"Senior Policy Advisor, Ontario",1,Yasmine Atassi,"Senior Policy Advisor, Ontario",Yasmine Atassi,Policy Advisor
611600,2024-06-05,Yasmine Atassi,Special Assistant,1,Yasmine Atassi,Special Assistant,Yasmine Atassi,Policy Advisor
606311,2024-06-07,Yasmine Atassi,Policy and Regional Advisor,1,Yasmine Atassi,Policy and Regional Advisor,Yasmine Atassi,Policy Advisor
606318,2024-06-07,Yasmine Atassi,Senior Policy and Regional Advisor,1,Yasmine Atassi,Senior Policy and Regional Advisor,Yasmine Atassi,Policy Advisor
611915,2024-06-17,Yasmine Atassi,"Senior Policy Advisor, Ontario",1,Yasmine Atassi,"Senior Policy Advisor, Ontario",Yasmine Atassi,Policy Advisor
610891,2024-06-18,Yasmine Atassi,"Senior Policy Advisor, Ontario",1,Yasmine Atassi,"Senior Policy Advisor, Ontario",Yasmine Atassi,Policy Advisor
610895,2024-06-20,Yasmine Atassi,"Senior Policy Advisor, Ontario",1,Yasmine Atassi,"Senior Policy Advisor, Ontario",Yasmine Atassi,Policy Advisor
609326,2024-06-27,Yasmine Atassi,Policy Advisor,1,Yasmine Atassi,Policy Advisor,Yasmine Atassi,Policy Advisor
611516,2024-06-27,Yasmine Atassi,"Senior Policy Advisor, Ontario",1,Yasmine Atassi,"Senior Policy Advisor, Ontario",Yasmine Atassi,Policy Advisor
611491,2024-06-27,Yasmine Atassi,Senior Policy and Ontario Advisor,1,Yasmine Atassi,Senior Policy and Ontario Advisor,Yasmine Atassi,Policy Advisor
611616,2024-07-04,Yasmine Atassi,Senior Policy Advisor,1,Yasmine Atassi,Senior Policy Advisor,Yasmine Atassi,Policy Advisor
618884,2024-07-15,Yasmine Atassi,"Senior Policy Advisor, Ontario",1,Yasmine Atassi,"Senior Policy Advisor, Ontario",Yasmine Atassi,Policy Advisor
611492,2024-07-17,Yasmine Atassi,"Senior Policy Advisor, Ontario",1,Yasmine Atassi,"Senior Policy Advisor, Ontario",Yasmine Atassi,Policy Advisor
613357,2024-07-17,Yasmine Atassi,"Senior Policy Advisor, Ontario",1,Yasmine Atassi,"Senior Policy Advisor, Ontario",Yasmine Atassi,Policy Advisor
612641,2024-07-18,Yasmine Atassi,"Senior Policy Advisor, Ontario",1,Yasmine Atassi,"Senior Policy Advisor, Ontario",Yasmine Atassi,Policy Advisor
611847,2024-07-23,Yasmine Atassi,"Senior Policy Advisor, Ontario",1,Yasmine Atassi,"Senior Policy Advisor, Ontario",Yasmine Atassi,Policy Advisor
613228,2024-08-01,Yasmine Atassi,Senior Policy Advisor,1,Yasmine Atassi,Senior Policy Advisor,Yasmine Atassi,Policy Advisor
613796,2024-08-20,Yasmine Atassi,"Senior Policy Advisor, Ontario",1,Yasmine Atassi,"Senior Policy Advisor, Ontario",Yasmine Atassi,Policy Advisor
614363,2024-08-20,Yasmine Atassi,"Senior Policy Advisor, Ontario",1,Yasmine Atassi,"Senior Policy Advisor, Ontario",Yasmine Atassi,Policy Advisor
613809,2024-08-23,Yasmine Atassi,Senior Policy Advisor,1,Yasmine Atassi,Senior Policy Advisor,Yasmine Atassi,Policy Advisor
615190,2024-08-26,Yasmine Atassi,"Senior Policy Advisor, Ontario",1,Yasmine Atassi,"Senior Policy Advisor, Ontario",Yasmine Atassi,Policy Advisor
614463,2024-08-28,Yasmine Atassi,"Senior Policy Advisor, Ontario",1,Yasmine Atassi,"Senior Policy Advisor, Ontario",Yasmine Atassi,Policy Advisor
614770,2024-08-30,Yasmine Atassi,Policy Advisor,1,Yasmine Atassi,Policy Advisor,Yasmine Atassi,Policy Advisor
616921,2024-09-10,Yasmine Atassi,"Senior Policy Advisor, Ontario",1,Yasmine Atassi,"Senior Policy Advisor, Ontario",Yasmine Atassi,Policy Advisor
618601,2024-09-12,Yasmine Atassi,"Senior Policy Advisor, Ontario",1,Yasmine Atassi,"Senior Policy Advisor, Ontario",Yasmine Atassi,Policy Advisor
618260,2024-09-24,Yasmine Atassi,"Senior Policy Advisor, Ontario",1,Yasmine Atassi,"Senior Policy Advisor, Ontario",Yasmine Atassi,Policy Advisor
616716,2024-09-27,Yasmine Atassi,"Senior Policy Advisor, Ontario",1,Yasmine Atassi,"Senior Policy Advisor, Ontario",Yasmine Atassi,Policy Advisor
616961,2024-10-03,Yasmine Atassi,"Senior Policy Advisor, Ontario",1,Yasmine Atassi,"Senior Policy Advisor, Ontario",Yasmine Atassi,Policy Advisor
623106,2024-10-03,Yasmine Atassi,"Senior Policy Advisor, Ontario",1,Yasmine Atassi,"Senior Policy Advisor, Ontario",Yasmine Atassi,Policy Advisor
623562,2024-10-03,Yasmine Atassi,"Senior Policy Advisor, Ontario",1,Yasmine Atassi,"Senior Policy Advisor, Ontario",Yasmine Atassi,Policy Advisor
616369,2024-10-07,Yasmine Atassi,"Senior Policy Advisor, Ontario",1,Yasmine Atassi,"Senior Policy Advisor, Ontario",Yasmine Atassi,Policy Advisor
619765,2024-10-07,Yasmine Atassi,"Senior Policy Advisor, Ontario",1,Yasmine Atassi,"Senior Policy Advisor, Ontario",Yasmine Atassi,Policy Advisor
620657,2024-10-07,Yasmine Atassi,"Senior Policy Advisor, Ontario",1,Yasmine Atassi,"Senior Policy Advisor, Ontario",Yasmine Atassi,Policy Advisor
622810,2024-10-07,Yasmine Atassi,"Senior Policy Advisor, Ontario",1,Yasmine Atassi,"Senior Policy Advisor, Ontario",Yasmine Atassi,Policy Advisor
616784,2024-10-09,Yasmine Atassi,"Senior Policy Advisor, Ontario",1,Yasmine Atassi,"Senior Policy Advisor, Ontario",Yasmine Atassi,Policy Advisor
622524,2024-10-17,Yasmine Atassi,"Senior Policy Advisor, Ontario",1,Yasmine Atassi,"Senior Policy Advisor, Ontario",Yasmine Atassi,Policy Advisor
622815,2024-10-18,Yasmine Atassi,"Senior Policy Advisor, Ontario",1,Yasmine Atassi,"Senior Policy Advisor, Ontario",Yasmine Atassi,Policy Advisor
626592,2024-10-18,Yasmine Atassi,"Senior Policy Advisor, Ontario",1,Yasmine Atassi,"Senior Policy Advisor, Ontario",Yasmine Atassi,Policy Advisor
618986,2024-10-22,Yasmine Atassi,"Senior Policy Advisor, Ontario",1,Yasmine Atassi,"Senior Policy Advisor, Ontario",Yasmine Atassi,Policy Advisor
620800,2024-10-22,Yasmine Atassi,"Senior Policy Advisor, Ontario",1,Yasmine Atassi,"Senior Policy Advisor, Ontario",Yasmine Atassi,Policy Advisor
620326,2024-10-23,Yasmine Atassi,"Senior Policy Advisor, Ontario",1,Yasmine Atassi,"Senior Policy Advisor, Ontario",Yasmine Atassi,Policy Advisor
619056,2024-10-25,Yasmine Atassi,"Senior Policy Advisor, Ontario",1,Yasmine Atassi,"Senior Policy Advisor, Ontario",Yasmine Atassi,Policy Advisor
619235,2024-10-25,Yasmine Atassi,"Senior Policy Advisor, Ontario",1,Yasmine Atassi,"Senior Policy Advisor, Ontario",Yasmine Atassi,Policy Advisor
619253,2024-10-28,Yasmine Atassi,"Senior Policy Advisor, Ontario",1,Yasmine Atassi,"Senior Policy Advisor, Ontario",Yasmine Atassi,Policy Advisor
621715,2024-10-29,Yasmine Atassi,"Senior Policy Advisor, Ontario",1,Yasmine Atassi,"Senior Policy Advisor, Ontario",Yasmine Atassi,Policy Advisor
621596,2024-10-31,Yasmine Atassi,"Senior Policy Advisor, Ontario",1,Yasmine Atassi,"Senior Policy Advisor, Ontario",Yasmine Atassi,Policy Advisor
625089,2024-11-07,Yasmine Atassi,"Senior Policy Advisor, Ontario",1,Yasmine Atassi,"Senior Policy Advisor, Ontario",Yasmine Atassi,Policy Advisor
621598,2024-11-08,Yasmine Atassi,"Senior Policy Advisor, Ontario",1,Yasmine Atassi,"Senior Policy Advisor, Ontario",Yasmine Atassi,Policy Advisor
621846,2024-11-08,Yasmine Atassi,"Senior Policy Advisor, Ontario",1,Yasmine Atassi,"Senior Policy Advisor, Ontario",Yasmine Atassi,Policy Advisor
620987,2024-11-12,Yasmine Atassi,"Senior Policy Advisor, Ontario",1,Yasmine Atassi,"Senior Policy Advisor, Ontario",Yasmine Atassi,Policy Advisor
621463,2024-11-12,Yasmine Atassi,"Senior Policy Advisor, Ontario",1,Yasmine Atassi,"Senior Policy Advisor, Ontario",Yasmine Atassi,Policy Advisor
626439,2024-11-14,Yasmine Atassi,"Senior Policy Advisor, Ontario",1,Yasmine Atassi,"Senior Policy Advisor, Ontario",Yasmine Atassi,Policy Advisor
625884,2024-11-27,Yasmine Atassi,"Senior Policy Advisor, Ontario",1,Yasmine Atassi,"Senior Policy Advisor, Ontario",Yasmine Atassi,Policy Advisor
626301,2024-11-27,Yasmine Atassi,"Senior Policy Advisor, Ontario",1,Yasmine Atassi,"Senior Policy Advisor, Ontario",Yasmine Atassi,Policy Advisor
626693,2024-11-27,Yasmine Atassi,"Senior Policy Advisor, Ontario",1,Yasmine Atassi,"Senior Policy Advisor, Ontario",Yasmine Atassi,Policy Advisor
628225,2024-12-02,Yasmine Atassi,"Senior Policy Advisor, Ontario",1,Yasmine Atassi,"Senior Policy Advisor, Ontario",Yasmine Atassi,Policy Advisor
628973,2024-12-02,Yasmine Atassi,"Senior Policy Advisor, Ontario",1,Yasmine Atassi,"Senior Policy Advisor, Ontario",Yasmine Atassi,Policy Advisor
628805,2024-12-04,Yasmine Atassi,"Senior Policy Advisor, Ontario",1,Yasmine Atassi,"Senior Policy Advisor, Ontario",Yasmine Atassi,Policy Advisor
624771,2024-12-05,Yasmine Atassi,"Senior Policy Advisor, Ontario",1,Yasmine Atassi,"Senior Policy Advisor, Ontario",Yasmine Atassi,Policy Advisor
628697,2024-12-05,Yasmine Atassi,"Senior Policy Advisor, Ontario",1,Yasmine Atassi,"Senior Policy Advisor, Ontario",Yasmine Atassi,Policy Advisor
627813,2024-12-12,Yasmine Atassi,"Senior Policy Advisor, Ontario",1,Yasmine Atassi,"Senior Policy Advisor, Ontario",Yasmine Atassi,Policy Advisor
630244,2025-01-27,Yasmine Atassi,"Senior Policy Advisor, Ontario",1,Yasmine Atassi,"Senior Policy Advisor, Ontario",Yasmine Atassi,Policy Advisor
633491,2025-02-06,Yasmine Atassi,Senior Policy Advisor,1,Yasmine Atassi,Senior Policy Advisor,Yasmine Atassi,Policy Advisor
632227,2025-02-13,Yasmine Atassi,"Senior Policy Advisor, Ontario",1,Yasmine Atassi,"Senior Policy Advisor, Ontario",Yasmine Atassi,Policy Advisor
632772,2025-02-25,Yasmine Atassi,"Senior Policy Advisor, Ontario",1,Yasmine Atassi,"Senior Policy Advisor, Ontario",Yasmine Atassi,Policy Advisor
633963,2025-02-28,Yasmine Atassi,"Senior Policy Advisor, Ontario",1,Yasmine Atassi,"Senior Policy Advisor, Ontario",Yasmine Atassi,Policy Advisor
634924,2025-03-07,Yasmine Atassi,Senior Policy Advisor,1,Yasmine Atassi,Senior Policy Advisor,Yasmine Atassi,Policy Advisor
636820,2025-06-06,Yasmine Atassi,Senior Policy Advisor,1,Yasmine Atassi,Senior Policy Advisor,Yasmine Atassi,Policy Advisor
544283,2022-09-02,Yasmine Atassi ,Special Assistant,1,Yasmine Atassi,Special Assistant,Yasmine Atassi,Policy Advisor
609108,2024-05-07,Yasmine Atassi ,Special Assistant,1,Yasmine Atassi,Special Assistant,Yasmine Atassi,Policy Advisor
509726,2021-06-23,Yasmine Attasi,"Intern, Office of the Minister",1,Yasmine Attasi,"Intern, Office of the Minister",Yasmine Attasi,Senior Policy Advisor
544150,2022-09-27,Yasmine Attasi,Policy Advisor,1,Yasmine Attasi,Policy Advisor,Yasmine Attasi,Senior Policy Advisor
544606,2022-10-21,Yasmine Attasi,Policy Advisor,1,Yasmine Attasi,Policy Advisor,Yasmine Attasi,Senior Policy Advisor
605292,2024-05-24,Yasmine Attasi,Senior Policy Advisor,1,Yasmine Attasi,Senior Policy Advisor,Yasmine Attasi,Senior Policy Advisor
609398,2024-06-25,Yasmine Attasi,Senior Policy Advisor,1,Yasmine Attasi,Senior Policy Advisor,Yasmine Attasi,Senior Policy Advisor
612322,2024-07-11,Yasmine Attasi,Senior Policy Advisor,1,Yasmine Attasi,Senior Policy Advisor,Yasmine Attasi,Senior Policy Advisor
615172,2024-08-27,Yasmine Attasi,Senior Policy Advisor,1,Yasmine Attasi,Senior Policy Advisor,Yasmine Attasi,Senior Policy Advisor
617397,2024-10-01,Yasmine Attasi,Policy Advisor,1,Yasmine Attasi,Policy Advisor,Yasmine Attasi,Senior Policy Advisor
620675,2024-10-24,Yasmine Attasi,Senior Policy Advisor,1,Yasmine Attasi,Senior Policy Advisor,Yasmine Attasi,Senior Policy Advisor
620682,2024-10-30,Yasmine Attasi,Senior Policy Advisor,1,Yasmine Attasi,Senior Policy Advisor,Yasmine Attasi,Senior Policy Advisor
520541,2022-01-21,Yasmine Attassi,"Executive Assistant to the Chief of Staff and Special Assistant, Policy",1,Yasmine Attassi,"Executive Assistant to the Chief of Staff and Special Assistant, Policy",Yasmine Attassi,"Executive Assistant to the Chief of Staff and Special Assistant, Policy"
521665,2022-01-21,Yasmine Attassi,"Executive Assistant to the Chief of Staff and Special Assistant, Policy",1,Yasmine Attassi,"Executive Assistant to the Chief of Staff and Special Assistant, Policy",Yasmine Attassi,"Executive Assistant to the Chief of Staff and Special Assistant, Policy"
571370,2023-06-13,Yasmine  Bubteina,Legislative Assistant,1,Yasmine Bubteina,Legislative Assistant,Yasmine Bubteina,Legislative Assistant
555463,2023-01-16,Yasmine Bubteina,Legislative Assistant,1,Yasmine Bubteina,Legislative Assistant,Yasmine Bubteina,Legislative Assistant
560799,2023-03-22,Yasmine Bubteina,Legislative Assistant,1,Yasmine Bubteina,Legislative Assistant,Yasmine Bubteina,Legislative Assistant
561837,2023-03-22,Yasmine Bubteina,Legislative Assistant,1,Yasmine Bubteina,Legislative Assistant,Yasmine Bubteina,Legislative Assistant
561405,2023-03-23,Yasmine Bubteina,Legislative Assistant,1,Yasmine Bubteina,Legislative Assistant,Yasmine Bubteina,Legislative Assistant
571257,2023-06-12,Yasmine Bubteina,Legislative Assistant,1,Yasmine Bubteina,Legislative Assistant,Yasmine Bubteina,Legislative Assistant
572454,2023-06-13,Yasmine Bubteina,Legislative Assistant,1,Yasmine Bubteina,Legislative Assistant,Yasmine Bubteina,Legislative Assistant
573052,2023-06-13,Yasmine Bubteina,Legislative Assistant,1,Yasmine Bubteina,Legislative Assistant,Yasmine Bubteina,Legislative Assistant
97900,2009-01-06,Yasmine Laroche,Assistant Deputy Minister,1,Yasmine Laroche,Assistant Deputy Minister,Yasmine Laroche,Assistant Deputy Minister
175304,2011-07-07,Yasmin Gardaa,Research and Policy Officer,1,Yasmin Gardaa,Research and Policy Officer,Yasmin Gardaa,Research and Policy Officer
180675,2011-07-07,Yasmin Gardaad,Research and Policy Officer,1,Yasmin Gardaad,Research and Policy Officer,Yasmin Gardaa,Research and Policy Officer
156226,2010-09-28,Yasmin Ratansi,Member of Parliament,1,Yasmin Ratansi,Member of Parliament,Yasmin Ratansi,Member of Parliament
159910,2010-10-26,Yasmin Ratansi,Member of Parliament,1,Yasmin Ratansi,Member of Parliament,Yasmin Ratansi,Member of Parliament
161664,2010-11-03,Yasmin Ratansi,Member of Parliament,1,Yasmin Ratansi,Member of Parliament,Yasmin Ratansi,Member of Parliament
163799,2010-12-06,Yasmin Ratansi,Member of Parliament,1,Yasmin Ratansi,Member of Parliament,Yasmin Ratansi,Member of Parliament
166515,2011-02-15,Yasmin Ratansi,Member of Parliament,1,Yasmin Ratansi,Member of Parliament,Yasmin Ratansi,Member of Parliament
167587,2011-03-02,Yasmin Ratansi,Member of Parliament,1,Yasmin Ratansi,Member of Parliament,Yasmin Ratansi,Member of Parliament
168089,2011-03-02,Yasmin Ratansi,Member of Parliament,1,Yasmin Ratansi,Member of Parliament,Yasmin Ratansi,Member of Parliament
170056,2011-03-02,Yasmin Ratansi,Member of Parliament,1,Yasmin Ratansi,Member of Parliament,Yasmin Ratansi,Member of Parliament
170346,2011-03-02,Yasmin Ratansi,Member of Parliament,1,Yasmin Ratansi,Member of Parliament,Yasmin Ratansi,Member of Parliament
371091,2016-02-23,Yasmin Ratansi,Member of Parliament,1,Yasmin Ratansi,Member of Parliament,Yasmin Ratansi,Member of Parliament
372485,2016-02-23,Yasmin Ratansi,Member of Parliament,1,Yasmin Ratansi,Member of Parliament,Yasmin Ratansi,Member of Parliament
373625,2016-03-07,Yasmin Ratansi,Member of Parliament,1,Yasmin Ratansi,Member of Parliament,Yasmin Ratansi,Member of Parliament
371502,2016-03-08,Yasmin Ratansi,Member of Parliament,1,Yasmin Ratansi,Member of Parliament,Yasmin Ratansi,Member of Parliament
373079,2016-03-08,Yasmin Ratansi,Member of Parliament,1,Yasmin Ratansi,Member of Parliament,Yasmin Ratansi,Member of Parliament
374527,2016-03-10,Yasmin Ratansi,Member of Parliament,1,Yasmin Ratansi,Member of Parliament,Yasmin Ratansi,Member of Parliament
373574,2016-04-01,Yasmin Ratansi,Member of Parliament,1,Yasmin Ratansi,Member of Parliament,Yasmin Ratansi,Member of Parliament
376776,2016-04-13,Yasmin Ratansi,Member of Parliament,1,Yasmin Ratansi,Member of Parliament,Yasmin Ratansi,Member of Parliament
376176,2016-04-14,Yasmin Ratansi,Member of Parliament,1,Yasmin Ratansi,Member of Parliament,Yasmin Ratansi,Member of Parliament
376623,2016-04-18,Yasmin Ratansi,Member of Parliament,1,Yasmin Ratansi,Member of Parliament,Yasmin Ratansi,Member of Parliament
376112,2016-04-19,Yasmin Ratansi,Member of Parliament,1,Yasmin Ratansi,Member of Parliament,Yasmin Ratansi,Member of Parliament
377210,2016-05-05,Yasmin Ratansi,Member of Parliament,1,Yasmin Ratansi,Member of Parliament,Yasmin Ratansi,Member of Parliament
377710,2016-05-10,Yasmin Ratansi,Member of Parliament,1,Yasmin Ratansi,Member of Parliament,Yasmin Ratansi,Member of Parliament
382600,2016-05-24,Yasmin Ratansi,Member of Parliament,1,Yasmin Ratansi,Member of Parliament,Yasmin Ratansi,Member of Parliament
385451,2016-10-13,Yasmin Ratansi,Member of Parliament,1,Yasmin Ratansi,Member of Parliament,Yasmin Ratansi,Member of Parliament
388174,2016-10-25,Yasmin Ratansi,Member of Parliament,1,Yasmin Ratansi,Member of Parliament,Yasmin Ratansi,Member of Parliament
390575,2016-11-17,Yasmin Ratansi,Member of Parliament,1,Yasmin Ratansi,Member of Parliament,Yasmin Ratansi,Member of Parliament
388966,2016-11-24,Yasmin Ratansi,Member of Parliament,1,Yasmin Ratansi,Member of Parliament,Yasmin Ratansi,Member of Parliament
392285,2016-12-06,Yasmin Ratansi,Member of Parliament,1,Yasmin Ratansi,Member of Parliament,Yasmin Ratansi,Member of Parliament
397005,2017-02-08,Yasmin Ratansi,Member of Parliament,1,Yasmin Ratansi,Member of Parliament,Yasmin Ratansi,Member of Parliament
397049,2017-02-21,Yasmin Ratansi,Member of Parliament,1,Yasmin Ratansi,Member of Parliament,Yasmin Ratansi,Member of Parliament
401672,2017-04-04,Yasmin Ratansi,Member of Parliament,1,Yasmin Ratansi,Member of Parliament,Yasmin Ratansi,Member of Parliament
400397,2017-04-05,Yasmin Ratansi,Member of Parliament,1,Yasmin Ratansi,Member of Parliament,Yasmin Ratansi,Member of Parliament
401361,2017-05-09,Yasmin Ratansi,Member of Parliament,1,Yasmin Ratansi,Member of Parliament,Yasmin Ratansi,Member of Parliament
401099,2017-05-10,Yasmin Ratansi,Member of Parliament,1,Yasmin Ratansi,Member of Parliament,Yasmin Ratansi,Member of Parliament
402929,2017-05-17,Yasmin Ratansi,Member of Parliament,1,Yasmin Ratansi,Member of Parliament,Yasmin Ratansi,Member of Parliament
402558,2017-06-01,Yasmin Ratansi,Member of Parliament,1,Yasmin Ratansi,Member of Parliament,Yasmin Ratansi,Member of Parliament
404293,2017-06-08,Yasmin Ratansi,Member of Parliament,1,Yasmin Ratansi,Member of Parliament,Yasmin Ratansi,Member of Parliament
404963,2017-06-08,Yasmin Ratansi,Member of Parliament,1,Yasmin Ratansi,Member of Parliament,Yasmin Ratansi,Member of Parliament
403919,2017-06-13,Yasmin Ratansi,Member of Parliament,1,Yasmin Ratansi,Member of Parliament,Yasmin Ratansi,Member of Parliament
404263,2017-06-13,Yasmin Ratansi,Member of Parliament,1,Yasmin Ratansi,Member of Parliament,Yasmin Ratansi,Member of Parliament
404759,2017-06-13,Yasmin Ratansi,Member of Parliament,1,Yasmin Ratansi,Member of Parliament,Yasmin Ratansi,Member of Parliament
406904,2017-07-26,Yasmin Ratansi,Member of Parliament,1,Yasmin Ratansi,Member of Parliament,Yasmin Ratansi,Member of Parliament
407841,2017-08-05,Yasmin Ratansi,Member of Parliament,1,Yasmin Ratansi,Member of Parliament,Yasmin Ratansi,Member of Parliament
407843,2017-08-06,Yasmin Ratansi,Member of Parliament,1,Yasmin Ratansi,Member of Parliament,Yasmin Ratansi,Member of Parliament
407856,2017-08-07,Yasmin Ratansi,Member of Parliament,1,Yasmin Ratansi,Member of Parliament,Yasmin Ratansi,Member of Parliament
407857,2017-08-08,Yasmin Ratansi,Member of Parliament,1,Yasmin Ratansi,Member of Parliament,Yasmin Ratansi,Member of Parliament
407858,2017-08-09,Yasmin Ratansi,Member of Parliament,1,Yasmin Ratansi,Member of Parliament,Yasmin Ratansi,Member of Parliament
407859,2017-08-10,Yasmin Ratansi,Member of Parliament,1,Yasmin Ratansi,Member of Parliament,Yasmin Ratansi,Member of Parliament
407860,2017-08-11,Yasmin Ratansi,Member of Parliament,1,Yasmin Ratansi,Member of Parliament,Yasmin Ratansi,Member of Parliament
409324,2017-09-19,Yasmin Ratansi,Member of Parliament,1,Yasmin Ratansi,Member of Parliament,Yasmin Ratansi,Member of Parliament
412071,2017-10-23,Yasmin Ratansi,Member of Parliament,1,Yasmin Ratansi,Member of Parliament,Yasmin Ratansi,Member of Parliament
415324,2017-11-21,Yasmin Ratansi,Member of Parliament,1,Yasmin Ratansi,Member of Parliament,Yasmin Ratansi,Member of Parliament
414619,2017-11-28,Yasmin Ratansi,Member of Parliament,1,Yasmin Ratansi,Member of Parliament,Yasmin Ratansi,Member of Parliament
417855,2017-12-07,Yasmin Ratansi,Member of Parliament,1,Yasmin Ratansi,Member of Parliament,Yasmin Ratansi,Member of Parliament
417429,2017-12-12,Yasmin Ratansi,Member of Parliament,1,Yasmin Ratansi,Member of Parliament,Yasmin Ratansi,Member of Parliament
417435,2017-12-12,Yasmin Ratansi,Member of Parliament,1,Yasmin Ratansi,Member of Parliament,Yasmin Ratansi,Member of Parliament
417443,2017-12-12,Yasmin Ratansi,Member of Parliament,1,Yasmin Ratansi,Member of Parliament,Yasmin Ratansi,Member of Parliament
417450,2017-12-12,Yasmin Ratansi,Member of Parliament,1,Yasmin Ratansi,Member of Parliament,Yasmin Ratansi,Member of Parliament
419318,2018-01-09,Yasmin Ratansi,Member of Parliament,1,Yasmin Ratansi,Member of Parliament,Yasmin Ratansi,Member of Parliament
420551,2018-02-06,Yasmin Ratansi,Member of Parliament,1,Yasmin Ratansi,Member of Parliament,Yasmin Ratansi,Member of Parliament
421338,2018-02-15,Yasmin Ratansi,Member of Parliament,1,Yasmin Ratansi,Member of Parliament,Yasmin Ratansi,Member of Parliament
421133,2018-02-20,Yasmin Ratansi,Member of Parliament,1,Yasmin Ratansi,Member of Parliament,Yasmin Ratansi,Member of Parliament
421260,2018-02-26,Yasmin Ratansi,Member of Parliament,1,Yasmin Ratansi,Member of Parliament,Yasmin Ratansi,Member of Parliament
421933,2018-02-26,Yasmin Ratansi,Member of Parliament,1,Yasmin Ratansi,Member of Parliament,Yasmin Ratansi,Member of Parliament
423277,2018-03-07,Yasmin Ratansi,Member of Parliament,1,Yasmin Ratansi,Member of Parliament,Yasmin Ratansi,Member of Parliament
423608,2018-03-26,Yasmin Ratansi,Member of Parliament,1,Yasmin Ratansi,Member of Parliament,Yasmin Ratansi,Member of Parliament
426990,2018-04-19,Yasmin Ratansi,Member of Parliament,1,Yasmin Ratansi,Member of Parliament,Yasmin Ratansi,Member of Parliament
425340,2018-05-07,Yasmin Ratansi,Member of Parliament,1,Yasmin Ratansi,Member of Parliament,Yasmin Ratansi,Member of Parliament
429094,2018-05-23,Yasmin Ratansi,Member of Parliament,1,Yasmin Ratansi,Member of Parliament,Yasmin Ratansi,Member of Parliament
429551,2018-05-23,Yasmin Ratansi,Member of Parliament,1,Yasmin Ratansi,Member of Parliament,Yasmin Ratansi,Member of Parliament
427953,2018-05-29,Yasmin Ratansi,Member of Parliament,1,Yasmin Ratansi,Member of Parliament,Yasmin Ratansi,Member of Parliament
427764,2018-06-05,Yasmin Ratansi,Member of Parliament,1,Yasmin Ratansi,Member of Parliament,Yasmin Ratansi,Member of Parliament
434126,2018-09-15,Yasmin Ratansi,Member of Parliament,1,Yasmin Ratansi,Member of Parliament,Yasmin Ratansi,Member of Parliament
435309,2018-09-19,Yasmin Ratansi,Member of Parliament,1,Yasmin Ratansi,Member of Parliament,Yasmin Ratansi,Member of Parliament
438169,2018-10-03,Yasmin Ratansi,Member of Parliament,1,Yasmin Ratansi,Member of Parliament,Yasmin Ratansi,Member of Parliament
436801,2018-10-30,Yasmin Ratansi,Member of Parliament,1,Yasmin Ratansi,Member of Parliament,Yasmin Ratansi,Member of Parliament
439729,2018-10-30,Yasmin Ratansi,Member of Parliament,1,Yasmin Ratansi,Member of Parliament,Yasmin Ratansi,Member of Parliament
442454,2018-11-22,Yasmin Ratansi,Member of Parliament,1,Yasmin Ratansi,Member of Parliament,Yasmin Ratansi,Member of Parliament
442358,2018-11-27,Yasmin Ratansi,Member of Parliament,1,Yasmin Ratansi,Member of Parliament,Yasmin Ratansi,Member of Parliament
442202,2018-11-29,Yasmin Ratansi,Member of Parliament,1,Yasmin Ratansi,Member of Parliament,Yasmin Ratansi,Member of Parliament
444878,2018-12-11,Yasmin Ratansi,Member of Parliament,1,Yasmin Ratansi,Member of Parliament,Yasmin Ratansi,Member of Parliament
444393,2019-01-29,Yasmin Ratansi,Member of Parliament,1,Yasmin Ratansi,Member of Parliament,Yasmin Ratansi,Member of Parliament
447722,2019-02-26,Yasmin Ratansi,Member of Parliament,1,Yasmin Ratansi,Member of Parliament,Yasmin Ratansi,Member of Parliament
450626,2019-02-26,Yasmin Ratansi,Member of Parliament,1,Yasmin Ratansi,Member of Parliament,Yasmin Ratansi,Member of Parliament
449499,2019-04-02,Yasmin Ratansi,Member of Parliament,1,Yasmin Ratansi,Member of Parliament,Yasmin Ratansi,Member of Parliament
451145,2019-04-09,Yasmin Ratansi,Member of Parliament,1,Yasmin Ratansi,Member of Parliament,Yasmin Ratansi,Member of Parliament
455954,2019-05-07,Yasmin Ratansi,Member of Parliament,1,Yasmin Ratansi,Member of Parliament,Yasmin Ratansi,Member of Parliament
453185,2019-05-21,Yasmin Ratansi,Member of Parliament,1,Yasmin Ratansi,Member of Parliament,Yasmin Ratansi,Member of Parliament
453953,2019-05-30,Yasmin Ratansi,Member of Parliament,1,Yasmin Ratansi,Member of Parliament,Yasmin Ratansi,Member of Parliament
455281,2019-06-11,Yasmin Ratansi,Member of Parliament,1,Yasmin Ratansi,Member of Parliament,Yasmin Ratansi,Member of Parliament
456474,2019-06-11,Yasmin Ratansi,Member of Parliament,1,Yasmin Ratansi,Member of Parliament,Yasmin Ratansi,Member of Parliament
457809,2019-06-11,Yasmin Ratansi,Member of Parliament,1,Yasmin Ratansi,Member of Parliament,Yasmin Ratansi,Member of Parliament
458061,2019-07-26,Yasmin Ratansi,Member of Parliament,1,Yasmin Ratansi,Member of Parliament,Yasmin Ratansi,Member of Parliament
459764,2019-08-20,Yasmin Ratansi,Member of Parliament,1,Yasmin Ratansi,Member of Parliament,Yasmin Ratansi,Member of Parliament
460194,2019-10-11,Yasmin Ratansi,Member of Parliament,1,Yasmin Ratansi,Member of Parliament,Yasmin Ratansi,Member of Parliament
463753,2020-01-28,Yasmin Ratansi,Member of Parliament,1,Yasmin Ratansi,Member of Parliament,Yasmin Ratansi,Member of Parliament
468160,2020-02-18,Yasmin Ratansi,Member of Parliament,1,Yasmin Ratansi,Member of Parliament,Yasmin Ratansi,Member of Parliament
466790,2020-02-25,Yasmin Ratansi,Member of Parliament,1,Yasmin Ratansi,Member of Parliament,Yasmin Ratansi,Member of Parliament
466377,2020-02-28,Yasmin Ratansi,Member of Parliament,1,Yasmin Ratansi,Member of Parliament,Yasmin Ratansi,Member of Parliament
468859,2020-03-10,Yasmin Ratansi,Member of Parliament,1,Yasmin Ratansi,Member of Parliament,Yasmin Ratansi,Member of Parliament
469094,2020-03-10,Yasmin Ratansi,Member of Parliament,1,Yasmin Ratansi,Member of Parliament,Yasmin Ratansi,Member of Parliament
475559,2020-05-12,Yasmin Ratansi,Member of Parliament,1,Yasmin Ratansi,Member of Parliament,Yasmin Ratansi,Member of Parliament
478876,2020-06-04,Yasmin Ratansi,Member of Parliament,1,Yasmin Ratansi,Member of Parliament,Yasmin Ratansi,Member of Parliament
476367,2020-06-23,Yasmin Ratansi,Member of Parliament,1,Yasmin Ratansi,Member of Parliament,Yasmin Ratansi,Member of Parliament
476686,2020-07-07,Yasmin Ratansi,Member of Parliament,1,Yasmin Ratansi,Member of Parliament,Yasmin Ratansi,Member of Parliament
482024,2020-08-31,Yasmin Ratansi,Member of Parliament,1,Yasmin Ratansi,Member of Parliament,Yasmin Ratansi,Member of Parliament
481804,2020-09-09,Yasmin Ratansi,Member of Parliament,1,Yasmin Ratansi,Member of Parliament,Yasmin Ratansi,Member of Parliament
484105,2020-09-09,Yasmin Ratansi,Member of Parliament,1,Yasmin Ratansi,Member of Parliament,Yasmin Ratansi,Member of Parliament
484136,2020-09-09,Yasmin Ratansi,Member of Parliament,1,Yasmin Ratansi,Member of Parliament,Yasmin Ratansi,Member of Parliament
482517,2020-09-10,Yasmin Ratansi,Member of Parliament,1,Yasmin Ratansi,Member of Parliament,Yasmin Ratansi,Member of Parliament
482578,2020-09-11,Yasmin Ratansi,Member of Parliament,1,Yasmin Ratansi,Member of Parliament,Yasmin Ratansi,Member of Parliament
484142,2020-10-06,Yasmin Ratansi,Member of Parliament,1,Yasmin Ratansi,Member of Parliament,Yasmin Ratansi,Member of Parliament
484206,2020-10-06,Yasmin Ratansi,Member of Parliament,1,Yasmin Ratansi,Member of Parliament,Yasmin Ratansi,Member of Parliament
487677,2020-10-06,Yasmin Ratansi,Member of Parliament,1,Yasmin Ratansi,Member of Parliament,Yasmin Ratansi,Member of Parliament
484789,2020-10-14,Yasmin Ratansi,Member of Parliament,1,Yasmin Ratansi,Member of Parliament,Yasmin Ratansi,Member of Parliament
487419,2020-10-15,Yasmin Ratansi,Member of Parliament,1,Yasmin Ratansi,Member of Parliament,Yasmin Ratansi,Member of Parliament
487922,2020-10-27,Yasmin Ratansi,Member of Parliament,1,Yasmin Ratansi,Member of Parliament,Yasmin Ratansi,Member of Parliament
487350,2020-10-29,Yasmin Ratansi,Member of Parliament,1,Yasmin Ratansi,Member of Parliament,Yasmin Ratansi,Member of Parliament
497472,2020-11-02,Yasmin Ratansi,Member of Parliament,1,Yasmin Ratansi,Member of Parliament,Yasmin Ratansi,Member of Parliament
489998,2020-11-12,Yasmin Ratansi,Member of Parliament,1,Yasmin Ratansi,Member of Parliament,Yasmin Ratansi,Member of Parliament
489603,2020-11-30,Yasmin Ratansi,Member of Parliament,1,Yasmin Ratansi,Member of Parliament,Yasmin Ratansi,Member of Parliament
495688,2021-01-25,Yasmin Ratansi,Member of Parliament,1,Yasmin Ratansi,Member of Parliament,Yasmin Ratansi,Member of Parliament
498303,2021-02-24,Yasmin Ratansi,Member of Parliament,1,Yasmin Ratansi,Member of Parliament,Yasmin Ratansi,Member of Parliament
505807,2021-04-29,Yasmin Ratansi,Member of Parliament,1,Yasmin Ratansi,Member of Parliament,Yasmin Ratansi,Member of Parliament
505553,2021-05-03,Yasmin Ratansi,Member of Parliament,1,Yasmin Ratansi,Member of Parliament,Yasmin Ratansi,Member of Parliament
503577,2021-05-04,Yasmin Ratansi,Member of Parliament,1,Yasmin Ratansi,Member of Parliament,Yasmin Ratansi,Member of Parliament
505978,2021-05-05,Yasmin Ratansi,Member of Parliament,1,Yasmin Ratansi,Member of Parliament,Yasmin Ratansi,Member of Parliament
503785,2021-05-06,Yasmin Ratansi,Member of Parliament,1,Yasmin Ratansi,Member of Parliament,Yasmin Ratansi,Member of Parliament
506567,2021-05-13,Yasmin Ratansi,Member of Parliament,1,Yasmin Ratansi,Member of Parliament,Yasmin Ratansi,Member of Parliament
507097,2021-06-03,Yasmin Ratansi,Member of Parliament,1,Yasmin Ratansi,Member of Parliament,Yasmin Ratansi,Member of Parliament
511392,2021-06-09,Yasmin Ratansi,Member of Parliament,1,Yasmin Ratansi,Member of Parliament,Yasmin Ratansi,Member of Parliament
517447,2021-12-02,Yasmin Ratansi,Policy Coordinator,1,Yasmin Ratansi,Policy Coordinator,Yasmin Ratansi,Member of Parliament
517470,2021-12-02,Yasmin Ratansi,Policy Coordinator,1,Yasmin Ratansi,Policy Coordinator,Yasmin Ratansi,Member of Parliament
372516,2016-02-03,Yasmin Ratanski,Member of Parliament,1,Yasmin Ratanski,Member of Parliament,Yasmin Ratanski,Member of Parliament
372809,2016-02-03,Yasmin Ratanski,Member of Parliament,1,Yasmin Ratanski,Member of Parliament,Yasmin Ratanski,Member of Parliament
447053,2019-02-28,Yasmin Ratsani,Member of Parliament,1,Yasmin Ratsani,Member of Parliament,Yasmin Ratsani,Member of Parliament
378119,2016-05-26,Yasmin Rtansi,Member of Parliament,1,Yasmin Rtansi,Member of Parliament,Yasmin Ratanski,Member of Parliament
423912,2018-03-26,Yasmin Shaker,Special Advisor,1,Yasmin Shaker,Special Advisor,Yasmin Shaker,Special Advisor
423915,2018-03-26,Yasmin Shaker,Special Advisor,1,Yasmin Shaker,Special Advisor,Yasmin Shaker,Special Advisor
426164,2018-04-03,Yasmin Shaker,Policy Advisor,1,Yasmin Shaker,Policy Advisor,Yasmin Shaker,Special Advisor
429522,2018-05-22,Yasmin Shaker,Special Advisor,1,Yasmin Shaker,Special Advisor,Yasmin Shaker,Special Advisor
429515,2018-06-04,Yasmin Shaker,Special Advisor,1,Yasmin Shaker,Special Advisor,Yasmin Shaker,Special Advisor
431023,2018-06-06,Yasmin Shaker,"Director of Policy, International Trade",1,Yasmin Shaker,"Director of Policy, International Trade",Yasmin Shaker,Special Advisor
430890,2018-06-14,Yasmin Shaker,Counsel,1,Yasmin Shaker,Counsel,Yasmin Shaker,Special Advisor
431362,2018-06-26,Yasmin Shaker,Special Advisor,1,Yasmin Shaker,Special Advisor,Yasmin Shaker,Special Advisor
481117,2020-08-25,YASMIN YASMIN RATANSI,Member of Parliament,1,Yasmin Yasmin Ratansi,Member of Parliament,Yasmin Yasmin Ratansi,Member of Parliament
610055,2024-06-04,Yaw Asiedu,"Program Manager, System Integration Analysis",1,Yaw Asiedu,"Program Manager, System Integration Analysis",Yaw Asiedu,"Program Manager, System Integration Analysis"
621600,2024-10-07,Yazen Abed,"Policy Analyst, MENA and Europe",1,Yazen Abed,"Policy Analyst, MENA and Europe",Yazen Abed,Policy Analyst
631396,2024-12-12,Yazen Abed,Policy Analyst,1,Yazen Abed,Policy Analyst,Yazen Abed,Policy Analyst
632692,2025-02-14,Yazen Abed,Policy Analyst,1,Yazen Abed,Policy Analyst,Yazen Abed,Policy Analyst
198387,2011-12-01,Yazmine Laroche,"Assistant Deputy Minister, Executive Policies and Talent Management",1,Yazmine Laroche,"Assistant Deputy Minister, Executive Policies and Talent Management",Yazmine Laroche,Associate Deputy Minister
217623,2012-03-07,Yazmine Laroche,"Assistant Deputy Minister, Executive Policies and Talent Management",1,Yazmine Laroche,"Assistant Deputy Minister, Executive Policies and Talent Management",Yazmine Laroche,Associate Deputy Minister
315930,2014-01-23,Yazmine Laroche,Associate Deputy Minister,1,Yazmine Laroche,Associate Deputy Minister,Yazmine Laroche,Associate Deputy Minister
369085,2014-01-23,Yazmine Laroche,Associate Deputy Minister,1,Yazmine Laroche,Associate Deputy Minister,Yazmine Laroche,Associate Deputy Minister
321923,2014-04-01,Yazmine Laroche,"Associate Deputy Minister, Infrastructure",1,Yazmine Laroche,"Associate Deputy Minister, Infrastructure",Yazmine Laroche,Associate Deputy Minister
324091,2014-04-02,Yazmine Laroche,Associate Deputy Minister,1,Yazmine Laroche,Associate Deputy Minister,Yazmine Laroche,Associate Deputy Minister
325474,2014-04-02,Yazmine Laroche,"Associate Deputy Minister, Transport, Infrastructure and Communities",1,Yazmine Laroche,"Associate Deputy Minister, Transport, Infrastructure and Communities",Yazmine Laroche,Associate Deputy Minister
321948,2014-04-03,Yazmine Laroche,"Associate Deputy Minister, Infrastructure",1,Yazmine Laroche,"Associate Deputy Minister, Infrastructure",Yazmine Laroche,Associate Deputy Minister
323669,2014-04-29,Yazmine Laroche,Associate Deputy Minister,1,Yazmine Laroche,Associate Deputy Minister,Yazmine Laroche,Associate Deputy Minister
328573,2014-05-12,Yazmine Laroche,Associate Deputy Minister,1,Yazmine Laroche,Associate Deputy Minister,Yazmine Laroche,Associate Deputy Minister
330122,2014-06-19,Yazmine Laroche,Associate Deputy Minister,1,Yazmine Laroche,Associate Deputy Minister,Yazmine Laroche,Associate Deputy Minister
331386,2014-07-03,Yazmine Laroche,Associate Deputy Minister,1,Yazmine Laroche,Associate Deputy Minister,Yazmine Laroche,Associate Deputy Minister
335786,2014-09-23,Yazmine Laroche,Associate Deputy Minister,1,Yazmine Laroche,Associate Deputy Minister,Yazmine Laroche,Associate Deputy Minister
338350,2014-10-02,Yazmine Laroche,Associate Deputy Minister,1,Yazmine Laroche,Associate Deputy Minister,Yazmine Laroche,Associate Deputy Minister
338351,2014-10-02,Yazmine Laroche,Associate Deputy Minister,1,Yazmine Laroche,Associate Deputy Minister,Yazmine Laroche,Associate Deputy Minister
338686,2014-10-21,Yazmine Laroche,Associate Deputy Minister,1,Yazmine Laroche,Associate Deputy Minister,Yazmine Laroche,Associate Deputy Minister
344122,2014-10-21,Yazmine Laroche,Associate Deputy Minister,1,Yazmine Laroche,Associate Deputy Minister,Yazmine Laroche,Associate Deputy Minister
349273,2015-02-17,Yazmine Laroche,Associate Deputy Minister,1,Yazmine Laroche,Associate Deputy Minister,Yazmine Laroche,Associate Deputy Minister
348568,2015-02-24,Yazmine Laroche,Associate Deputy Minister,1,Yazmine Laroche,Associate Deputy Minister,Yazmine Laroche,Associate Deputy Minister
350293,2015-03-31,Yazmine Laroche,"Associate Deputy Minister, Transport, Infrastructure and Communities",1,Yazmine Laroche,"Associate Deputy Minister, Transport, Infrastructure and Communities",Yazmine Laroche,Associate Deputy Minister
353591,2015-04-24,Yazmine Laroche,Deputy Minister,1,Yazmine Laroche,Deputy Minister,Yazmine Laroche,Associate Deputy Minister
356557,2015-05-29,Yazmine Laroche,Associate Deputy Minister,1,Yazmine Laroche,Associate Deputy Minister,Yazmine Laroche,Associate Deputy Minister
358784,2015-07-15,Yazmine Laroche,"Associate Deputy Minister, Infrastructure Canada",1,Yazmine Laroche,"Associate Deputy Minister, Infrastructure Canada",Yazmine Laroche,Associate Deputy Minister
365062,2015-11-06,Yazmine Laroche,Associate Deputy Minister,1,Yazmine Laroche,Associate Deputy Minister,Yazmine Laroche,Associate Deputy Minister
365283,2015-11-25,Yazmine Laroche,Associate Deputy Minister,1,Yazmine Laroche,Associate Deputy Minister,Yazmine Laroche,Associate Deputy Minister
365398,2015-12-15,Yazmine Laroche,Associate Deputy Minister,1,Yazmine Laroche,Associate Deputy Minister,Yazmine Laroche,Associate Deputy Minister
365543,2015-12-15,Yazmine Laroche,"Associate Deputy Minister, Infrastructure",1,Yazmine Laroche,"Associate Deputy Minister, Infrastructure",Yazmine Laroche,Associate Deputy Minister
366750,2016-01-12,Yazmine Laroche,Associate Deputy Minister,1,Yazmine Laroche,Associate Deputy Minister,Yazmine Laroche,Associate Deputy Minister
369159,2016-01-12,Yazmine Laroche,Associate Deputy Minister,1,Yazmine Laroche,Associate Deputy Minister,Yazmine Laroche,Associate Deputy Minister
368573,2016-01-18,Yazmine Laroche,Associate Deputy Minister,1,Yazmine Laroche,Associate Deputy Minister,Yazmine Laroche,Associate Deputy Minister
369230,2016-01-27,Yazmine Laroche,Associate Deputy Minister,1,Yazmine Laroche,Associate Deputy Minister,Yazmine Laroche,Associate Deputy Minister
372073,2016-02-10,Yazmine Laroche,Associate Deputy Minister,1,Yazmine Laroche,Associate Deputy Minister,Yazmine Laroche,Associate Deputy Minister
371432,2016-02-12,Yazmine Laroche,Associate Deputy Minister,1,Yazmine Laroche,Associate Deputy Minister,Yazmine Laroche,Associate Deputy Minister
375058,2016-04-15,Yazmine Laroche,Associate Deputy Minister,1,Yazmine Laroche,Associate Deputy Minister,Yazmine Laroche,Associate Deputy Minister
380672,2016-06-16,Yazmine Laroche,Associate Deputy Minister,1,Yazmine Laroche,Associate Deputy Minister,Yazmine Laroche,Associate Deputy Minister
382506,2016-07-04,Yazmine Laroche,Associate Deputy Minister,1,Yazmine Laroche,Associate Deputy Minister,Yazmine Laroche,Associate Deputy Minister
382513,2016-07-05,Yazmine Laroche,Associate Deputy Minister,1,Yazmine Laroche,Associate Deputy Minister,Yazmine Laroche,Associate Deputy Minister
382527,2016-07-06,Yazmine Laroche,Associate Deputy Minister,1,Yazmine Laroche,Associate Deputy Minister,Yazmine Laroche,Associate Deputy Minister
382667,2016-08-09,Yazmine Laroche,Associate Deputy Minister,1,Yazmine Laroche,Associate Deputy Minister,Yazmine Laroche,Associate Deputy Minister
387053,2016-10-18,Yazmine Laroche,Associate Deputy Minister,1,Yazmine Laroche,Associate Deputy Minister,Yazmine Laroche,Associate Deputy Minister
388333,2016-10-19,Yazmine Laroche,Associate Deputy Minister,1,Yazmine Laroche,Associate Deputy Minister,Yazmine Laroche,Associate Deputy Minister
388405,2016-10-19,Yazmine Laroche,Associate Deputy Minister,1,Yazmine Laroche,Associate Deputy Minister,Yazmine Laroche,Associate Deputy Minister
391199,2016-11-03,Yazmine Laroche,Associate Deputy Minister,1,Yazmine Laroche,Associate Deputy Minister,Yazmine Laroche,Associate Deputy Minister
391431,2016-11-09,Yazmine Laroche,Associate Deputy Minister,1,Yazmine Laroche,Associate Deputy Minister,Yazmine Laroche,Associate Deputy Minister
393595,2017-02-02,Yazmine Laroche,Associate Deputy Minister,1,Yazmine Laroche,Associate Deputy Minister,Yazmine Laroche,Associate Deputy Minister
406120,2017-02-02,Yazmine Laroche,Associate Deputy Minister,1,Yazmine Laroche,Associate Deputy Minister,Yazmine Laroche,Associate Deputy Minister
395740,2017-02-06,Yazmine Laroche,Associate Deputy Minister,1,Yazmine Laroche,Associate Deputy Minister,Yazmine Laroche,Associate Deputy Minister
415193,2017-11-09,Yazmine Laroche,Associate Deputy Minister,1,Yazmine Laroche,Associate Deputy Minister,Yazmine Laroche,Associate Deputy Minister
417837,2017-12-06,Yazmine Laroche,Associate Deputy Minister,1,Yazmine Laroche,Associate Deputy Minister,Yazmine Laroche,Associate Deputy Minister
424556,2018-04-13,Yazmine Laroche,Assistant Deputy Minister,1,Yazmine Laroche,Assistant Deputy Minister,Yazmine Laroche,Associate Deputy Minister
433140,2018-09-06,Yazmine Laroche,Associate Deputy Minister,1,Yazmine Laroche,Associate Deputy Minister,Yazmine Laroche,Associate Deputy Minister
434020,2018-09-17,Yazmine Laroche,"Deputy Minister, Public Service Accessibility",1,Yazmine Laroche,"Deputy Minister, Public Service Accessibility",Yazmine Laroche,Associate Deputy Minister
442267,2018-11-19,Yazmine Laroche,Deputy Minister,1,Yazmine Laroche,Deputy Minister,Yazmine Laroche,Associate Deputy Minister
442039,2018-11-22,Yazmine Laroche,Deputy Minister,1,Yazmine Laroche,Deputy Minister,Yazmine Laroche,Associate Deputy Minister
445519,2019-01-29,Yazmine Laroche,Deputy Minister,1,Yazmine Laroche,Deputy Minister,Yazmine Laroche,Associate Deputy Minister
452544,2019-04-25,Yazmine Laroche,Deputy Minister,1,Yazmine Laroche,Deputy Minister,Yazmine Laroche,Associate Deputy Minister
457559,2019-06-16,Yazmine Laroche,Deputy Minister,1,Yazmine Laroche,Deputy Minister,Yazmine Laroche,Associate Deputy Minister
458932,2019-07-15,Yazmine Laroche,Deputy Minister,1,Yazmine Laroche,Deputy Minister,Yazmine Laroche,Associate Deputy Minister
460711,2019-10-30,Yazmine Laroche,Deputy Minister,1,Yazmine Laroche,Deputy Minister,Yazmine Laroche,Associate Deputy Minister
470485,2020-03-28,Yazmine Laroche,Deputy Minister,1,Yazmine Laroche,Deputy Minister,Yazmine Laroche,Associate Deputy Minister
470503,2020-04-01,Yazmine Laroche,Deputy Minister,1,Yazmine Laroche,Deputy Minister,Yazmine Laroche,Associate Deputy Minister
470504,2020-04-03,Yazmine Laroche,Deputy Minister,1,Yazmine Laroche,Deputy Minister,Yazmine Laroche,Associate Deputy Minister
470505,2020-04-09,Yazmine Laroche,Deputy Minister,1,Yazmine Laroche,Deputy Minister,Yazmine Laroche,Associate Deputy Minister
479367,2020-07-29,Yazmine Laroche,"Deputy Minister, Public Service Accessibility",1,Yazmine Laroche,"Deputy Minister, Public Service Accessibility",Yazmine Laroche,Associate Deputy Minister
481233,2020-08-19,Yazmine Laroche,Deputy Minister,1,Yazmine Laroche,Deputy Minister,Yazmine Laroche,Associate Deputy Minister
322129,2014-03-03,Yazmine LaRoche,Associate Deputy Minister,1,Yazmine Laroche,Associate Deputy Minister,Yazmine Laroche,Associate Deputy Minister
321214,2014-03-03,Yazmine LaRoche,"Associate Deputy Minister, Infrastructure",1,Yazmine Laroche,"Associate Deputy Minister, Infrastructure",Yazmine Laroche,Associate Deputy Minister
393518,2017-02-02,Yazmine LaRoche,Assistant to the Deputy Minister,1,Yazmine Laroche,Assistant to the Deputy Minister,Yazmine Laroche,Associate Deputy Minister
329759,2014-06-05,Yazmine Larouche,Associate Deputy Minister,1,Yazmine Larouche,Associate Deputy Minister,Yazmine Larouche,Associate Deputy Minister
74194,2008-07-08,Y. Baltacioglu,Deputy Minister,1,Y. Baltacioglu,Deputy Minister,Y. Baltacioglu,Deputy Minister
521092,2022-01-28,Yeba Sandega,Senior Policy Advisor,1,Yeba Sandega,Senior Policy Advisor,Yeba Sandega,Senior Policy Advisor
501733,2021-04-12,Yeba Sendanga,Senior Policy Advisor,1,Yeba Sendanga,Senior Policy Advisor,Yeba Sendanga,Senior Policy Advisor
499568,2021-02-17,Yeba Sendenga,Policy Advisor,1,Yeba Sendenga,Policy Advisor,Yeba Sendenga,Policy Advisor
580273,2023-10-05,Yeen Ten Hwang,"Manager, Recovery Planning and Regulatory Affairs Section",1,Yeen Ten Hwang,"Manager, Recovery Planning and Regulatory Affairs Section",Yeen Ten Hwang,"Manager, Recovery Planning and Regulatory Affairs Section"
593774,2024-01-17,Yeen Ten Hwang,"Manager, Recovery Planning and Regulatory Affairs Section",1,Yeen Ten Hwang,"Manager, Recovery Planning and Regulatory Affairs Section",Yeen Ten Hwang,"Manager, Recovery Planning and Regulatory Affairs Section"
326937,2014-06-02,Yelich Lynne,Member of Parliament,1,Yelich Lynne,Member of Parliament,Yelich Lynne,Member of Parliament
397325,2017-03-20,Yen Pau Woo,Senator,1,Yen Pau Woo,Senator,Yuen Pau Woo,Senator
447780,2019-02-08,Yen Pau Woo,Senator,1,Yen Pau Woo,Senator,Yuen Pau Woo,Senator
457537,2019-06-14,Yen Pau Woo,Senator,1,Yen Pau Woo,Senator,Yuen Pau Woo,Senator
506744,2021-05-28,Yentl Beliard-Joseph,Communications Advisor,1,Yentl Beliard-joseph,Communications Advisor,Yentl Beliard-joseph,Communications Advisor
521149,2022-01-17,Yentl  Joseph,Press Secretary,1,Yentl Joseph,Press Secretary,Yentl Joseph,Press Secretary
533924,2022-05-20,Yeong Yoo,Research Officer,1,Yeong Yoo,Research Officer,Yeong Yoo,Research Officer
634958,2025-03-19,Yianni papadatos,Senior Policy Advisor,1,Yianni Papadatos,Senior Policy Advisor,Yianni Papadatos,Policy Advisor
590262,2023-12-06,Yianni Papadatos,Issues Manager,1,Yianni Papadatos,Issues Manager,Yianni Papadatos,Policy Advisor
590268,2023-12-06,Yianni Papadatos,Issues Manager,1,Yianni Papadatos,Issues Manager,Yianni Papadatos,Policy Advisor
590281,2023-12-06,Yianni Papadatos,Issues Manager,1,Yianni Papadatos,Issues Manager,Yianni Papadatos,Policy Advisor
593290,2024-01-25,Yianni Papadatos,Policy Advisor,1,Yianni Papadatos,Policy Advisor,Yianni Papadatos,Policy Advisor
594905,2024-02-13,Yianni Papadatos,Policy and Parliamentary Affairs Advisor,1,Yianni Papadatos,Policy and Parliamentary Affairs Advisor,Yianni Papadatos,Policy Advisor
598385,2024-02-13,Yianni Papadatos,Policy and Parliamentary Affairs Advisor,1,Yianni Papadatos,Policy and Parliamentary Affairs Advisor,Yianni Papadatos,Policy Advisor
632901,2025-02-11,Yianni Papadatos,Senior Policy Advisor to the Minister of Finance,1,Yianni Papadatos,Senior Policy Advisor to the Minister of Finance,Yianni Papadatos,Policy Advisor
634978,2025-03-04,Yianni Papadatos,Policy Advisor,1,Yianni Papadatos,Policy Advisor,Yianni Papadatos,Policy Advisor
634979,2025-03-04,Yianni Papadatos,Policy Advisor,1,Yianni Papadatos,Policy Advisor,Yianni Papadatos,Policy Advisor
634980,2025-03-04,Yianni Papadatos,Policy Advisor,1,Yianni Papadatos,Policy Advisor,Yianni Papadatos,Policy Advisor
634981,2025-03-04,Yianni Papadatos,Policy Advisor,1,Yianni Papadatos,Policy Advisor,Yianni Papadatos,Policy Advisor
634097,2025-03-19,Yianni Papadatos,Senior Policy Advisor,1,Yianni Papadatos,Senior Policy Advisor,Yianni Papadatos,Policy Advisor
634857,2025-03-19,Yianni Papadatos,Senior Policy Advisor,1,Yianni Papadatos,Senior Policy Advisor,Yianni Papadatos,Policy Advisor
636813,2025-06-05,Yianni Papadatos,Policy Advisor,1,Yianni Papadatos,Policy Advisor,Yianni Papadatos,Policy Advisor
636566,2025-06-03,Yianni Papapdatos,Senior Policy Advisor,1,Yianni Papapdatos,Senior Policy Advisor,Yianni Papapdatos,Senior Policy Advisor
429236,2018-05-02,yiota kokkinos,Director General,1,Yiota Kokkinos,Director General,Yiota Kokkinos,Director General
417379,2017-12-19,Yiota kokkinos,Director General,1,Yiota Kokkinos,Director General,Yiota Kokkinos,Director General
373767,2016-04-04,Yiota Kokkinos,Director General,1,Yiota Kokkinos,Director General,Yiota Kokkinos,Director General
381238,2016-06-01,Yiota Kokkinos,Acting Assistant Deputy Minister,1,Yiota Kokkinos,Acting Assistant Deputy Minister,Yiota Kokkinos,Director General
381258,2016-06-23,Yiota Kokkinos,Director General,1,Yiota Kokkinos,Director General,Yiota Kokkinos,Director General
381784,2016-07-18,Yiota Kokkinos,Director General,1,Yiota Kokkinos,Director General,Yiota Kokkinos,Director General
405329,2017-06-27,Yiota Kokkinos,Director General,1,Yiota Kokkinos,Director General,Yiota Kokkinos,Director General
416642,2017-12-07,Yiota Kokkinos,Director General,1,Yiota Kokkinos,Director General,Yiota Kokkinos,Director General
423565,2018-03-07,Yiota Kokkinos,Director General,1,Yiota Kokkinos,Director General,Yiota Kokkinos,Director General
427940,2018-05-17,Yiota Kokkinos,Director General,1,Yiota Kokkinos,Director General,Yiota Kokkinos,Director General
439573,2018-10-22,Yiota Kokkinos,Acting Assistant Deputy Minister,1,Yiota Kokkinos,Acting Assistant Deputy Minister,Yiota Kokkinos,Director General
441820,2018-12-05,Yiota Kokkinos,Director General,1,Yiota Kokkinos,Director General,Yiota Kokkinos,Director General
449180,2019-03-12,Yiota Kokkinos,Director General,1,Yiota Kokkinos,Director General,Yiota Kokkinos,Director General
450289,2019-03-12,Yiota Kokkinos,"Director General, International Energy Division",1,Yiota Kokkinos,"Director General, International Energy Division",Yiota Kokkinos,Director General
451799,2019-04-08,Yiota Kokkinos,"Director General, International Energy Division",1,Yiota Kokkinos,"Director General, International Energy Division",Yiota Kokkinos,Director General
459480,2019-08-09,Yiota Kokkinos,Director General,1,Yiota Kokkinos,Director General,Yiota Kokkinos,Director General
466872,2020-02-24,Yiota Kokkinos,"Director, International Energy Division",1,Yiota Kokkinos,"Director, International Energy Division",Yiota Kokkinos,Director General
473002,2020-04-02,Yiota Kokkinos,Director General,1,Yiota Kokkinos,Director General,Yiota Kokkinos,Director General
474928,2020-05-11,Yiota Kokkinos,"Director General, International Energy Division",1,Yiota Kokkinos,"Director General, International Energy Division",Yiota Kokkinos,Director General
475888,2020-05-20,Yiota Kokkinos,"Director General, International Energy Division",1,Yiota Kokkinos,"Director General, International Energy Division",Yiota Kokkinos,Director General
409605,2017-09-21,Yiota Kokkinos Kokkinos,"Director General, International Energy Division",1,Yiota Kokkinos Kokkinos,"Director General, International Energy Division",Yiota Kokkinos Kokkinos,"Director General, International Energy Division"
359446,2015-06-19,Yiotta Kokkinos,Director General,1,Yiotta Kokkinos,Director General,Yiotta Kokkinos,Director General
517664,2021-11-16,Yoan Marier,Board Member,1,Yoan Marier,Board Member,Yoan Marier,Board Member
517674,2021-11-17,Yoan Marier,Board Member,1,Yoan Marier,Board Member,Yoan Marier,Board Member
517678,2021-11-18,Yoan Marier,Board Member,1,Yoan Marier,Board Member,Yoan Marier,Board Member
625732,2024-11-06,Yoan Marier,Chair,1,Yoan Marier,Chair,Yoan Marier,Board Member
283431,2013-07-10,Yohanna Loucheur,"Team Leader, Policy Development",1,Yohanna Loucheur,"Team Leader, Policy Development",Yohanna Loucheur,Senior Policy Analyst
379406,2016-05-19,Yohanna Loucheur,Senior Policy Analyst,1,Yohanna Loucheur,Senior Policy Analyst,Yohanna Loucheur,Senior Policy Analyst
611703,2024-07-03,Yohann Vaudrin,"Vice President, Corporate Finance",1,Yohann Vaudrin,"Vice President, Corporate Finance",Yohann Vaudrin,"Vice President, Corporate Finance"
611704,2024-07-22,Yohann Vaudrin,"Vice President, Corporate Finance",1,Yohann Vaudrin,"Vice President, Corporate Finance",Yohann Vaudrin,"Vice President, Corporate Finance"
625917,2024-11-14,Yo  Ishikawa,"Vice Consul, Japan to Canada",1,Yo Ishikawa,"Vice Consul, Japan to Canada",Yo Ishikawa,"Vice Consul, Japan to Canada"
499315,2021-02-23,Yolanda Collins,Newfoundland East Field Unit,1,Yolanda Collins,Newfoundland East Field Unit,Yolanda Collins,Newfoundland East Field Unit
443352,2019-01-03,Yoland Charette,Chief,1,Yoland Charette,Chief,Yoland Charette,Chief
208087,2012-02-16,Yonaah Martin,Senator,1,Yonaah Martin,Senator,Yonah Martin,Senator
212490,2012-02-16,Yonaah Martin,Senator,1,Yonaah Martin,Senator,Yonah Martin,Senator
296899,2013-10-07,Yonah Martim,Senator,1,Yonah Martim,Senator,Yonah Martin,Senator
157814,2010-10-05,Yonah Martin,Senator,1,Yonah Martin,Senator,Yonah Martin,Senator
157838,2010-10-05,Yonah Martin,Senator,1,Yonah Martin,Senator,Yonah Martin,Senator
156250,2010-10-06,Yonah Martin,Senator,1,Yonah Martin,Senator,Yonah Martin,Senator
160290,2010-11-16,Yonah Martin,Senator,1,Yonah Martin,Senator,Yonah Martin,Senator
160291,2010-11-16,Yonah Martin,Senator,1,Yonah Martin,Senator,Yonah Martin,Senator
166298,2010-12-07,Yonah Martin,Senator,1,Yonah Martin,Senator,Yonah Martin,Senator
166279,2011-02-10,Yonah Martin,Senator,1,Yonah Martin,Senator,Yonah Martin,Senator
174819,2011-06-07,Yonah Martin,Senator,1,Yonah Martin,Senator,Yonah Martin,Senator
175244,2011-06-07,Yonah Martin,Senator,1,Yonah Martin,Senator,Yonah Martin,Senator
194668,2011-10-06,Yonah Martin,Senator,1,Yonah Martin,Senator,Yonah Martin,Senator
200320,2011-11-02,Yonah Martin,Senator,1,Yonah Martin,Senator,Yonah Martin,Senator
200532,2011-11-24,Yonah Martin,Senator,1,Yonah Martin,Senator,Yonah Martin,Senator
202891,2011-12-08,Yonah Martin,Senator,1,Yonah Martin,Senator,Yonah Martin,Senator
206249,2012-01-31,Yonah Martin,Senator,1,Yonah Martin,Senator,Yonah Martin,Senator
206888,2012-01-31,Yonah Martin,Senator,1,Yonah Martin,Senator,Yonah Martin,Senator
206889,2012-01-31,Yonah Martin,Senator,1,Yonah Martin,Senator,Yonah Martin,Senator
206192,2012-02-08,Yonah Martin,Senator,1,Yonah Martin,Senator,Yonah Martin,Senator
209171,2012-02-16,Yonah Martin,Senator,1,Yonah Martin,Senator,Yonah Martin,Senator
211372,2012-02-16,Yonah Martin,Senator,1,Yonah Martin,Senator,Yonah Martin,Senator
226191,2012-06-08,Yonah Martin,Senator,1,Yonah Martin,Senator,Yonah Martin,Senator
250790,2012-12-13,Yonah Martin,Senator,1,Yonah Martin,Senator,Yonah Martin,Senator
286880,2013-07-31,Yonah Martin,Senator,1,Yonah Martin,Senator,Yonah Martin,Senator
312839,2013-12-18,Yonah Martin,Senator,1,Yonah Martin,Senator,Yonah Martin,Senator
315516,2014-01-24,Yonah Martin,Member of Parliament,1,Yonah Martin,Member of Parliament,Yonah Martin,Senator
338627,2014-10-06,Yonah Martin,Senator,1,Yonah Martin,Senator,Yonah Martin,Senator
337951,2014-10-08,Yonah Martin,Senator,1,Yonah Martin,Senator,Yonah Martin,Senator
355128,2015-05-11,Yonah Martin,Senator,1,Yonah Martin,Senator,Yonah Martin,Senator
368677,2016-01-25,Yonah Martin,Senator,1,Yonah Martin,Senator,Yonah Martin,Senator
372169,2016-02-02,Yonah Martin,Senator,1,Yonah Martin,Senator,Yonah Martin,Senator
372628,2016-02-02,Yonah Martin,Senator,1,Yonah Martin,Senator,Yonah Martin,Senator
372142,2016-02-04,Yonah Martin,Senator,1,Yonah Martin,Senator,Yonah Martin,Senator
381407,2016-06-09,Yonah Martin,Senator,1,Yonah Martin,Senator,Yonah Martin,Senator
392434,2016-12-12,Yonah Martin,Senator,1,Yonah Martin,Senator,Yonah Martin,Senator
396717,2017-02-07,Yonah Martin,Senator,1,Yonah Martin,Senator,Yonah Martin,Senator
396830,2017-02-07,Yonah Martin,Senator,1,Yonah Martin,Senator,Yonah Martin,Senator
397058,2017-02-09,Yonah Martin,Senator,1,Yonah Martin,Senator,Yonah Martin,Senator
401632,2017-05-02,Yonah Martin,Senator,1,Yonah Martin,Senator,Yonah Martin,Senator
410910,2017-10-17,Yonah Martin,Senator,1,Yonah Martin,Senator,Yonah Martin,Senator
410536,2017-10-18,Yonah Martin,Senator,1,Yonah Martin,Senator,Yonah Martin,Senator
410541,2017-10-18,Yonah Martin,Senator,1,Yonah Martin,Senator,Yonah Martin,Senator
410546,2017-10-18,Yonah Martin,Senator,1,Yonah Martin,Senator,Yonah Martin,Senator
421570,2018-02-27,Yonah Martin,Deputy Leader of the Opposition in the Senate,1,Yonah Martin,Deputy Leader of the Opposition in the Senate,Yonah Martin,Senator
422660,2018-03-20,Yonah Martin,"Deputy Leader, Official Opposition in the Senate",1,Yonah Martin,"Deputy Leader, Official Opposition in the Senate",Yonah Martin,Senator
428487,2018-05-24,Yonah Martin,Senator,1,Yonah Martin,Senator,Yonah Martin,Senator
428936,2018-06-14,Yonah Martin,Senator,1,Yonah Martin,Senator,Yonah Martin,Senator
436505,2018-10-16,Yonah Martin,Senator,1,Yonah Martin,Senator,Yonah Martin,Senator
437453,2018-10-16,Yonah Martin,Senator,1,Yonah Martin,Senator,Yonah Martin,Senator
439663,2018-10-30,Yonah Martin,Member of Parliament,1,Yonah Martin,Member of Parliament,Yonah Martin,Senator
445692,2019-01-25,Yonah Martin,Senator,1,Yonah Martin,Senator,Yonah Martin,Senator
450135,2019-03-18,Yonah Martin,Senator,1,Yonah Martin,Senator,Yonah Martin,Senator
454515,2019-05-15,Yonah Martin,Senator,1,Yonah Martin,Senator,Yonah Martin,Senator
454709,2019-06-05,Yonah Martin,Senator,1,Yonah Martin,Senator,Yonah Martin,Senator
466996,2020-02-19,Yonah Martin,Senator,1,Yonah Martin,Senator,Yonah Martin,Senator
467802,2020-02-19,Yonah Martin,Senator,1,Yonah Martin,Senator,Yonah Martin,Senator
474260,2020-05-15,Yonah Martin,Senator,1,Yonah Martin,Senator,Yonah Martin,Senator
474262,2020-05-28,Yonah Martin,Senator,1,Yonah Martin,Senator,Yonah Martin,Senator
482401,2020-09-01,Yonah Martin,Senator,1,Yonah Martin,Senator,Yonah Martin,Senator
489961,2020-11-26,Yonah Martin,Senator,1,Yonah Martin,Senator,Yonah Martin,Senator
495708,2021-02-11,Yonah Martin,Senator,1,Yonah Martin,Senator,Yonah Martin,Senator
496478,2021-02-11,Yonah Martin,Senator,1,Yonah Martin,Senator,Yonah Martin,Senator
496514,2021-02-11,Yonah Martin,Senator,1,Yonah Martin,Senator,Yonah Martin,Senator
496549,2021-02-11,Yonah Martin,Senator,1,Yonah Martin,Senator,Yonah Martin,Senator
508985,2021-05-17,Yonah Martin,Senator,1,Yonah Martin,Senator,Yonah Martin,Senator
509413,2021-06-17,Yonah Martin,Senator,1,Yonah Martin,Senator,Yonah Martin,Senator
522300,2022-01-28,Yonah Martin,Senator,1,Yonah Martin,Senator,Yonah Martin,Senator
532137,2022-05-12,Yonah Martin,Senator,1,Yonah Martin,Senator,Yonah Martin,Senator
534286,2022-05-12,Yonah Martin,Senator,1,Yonah Martin,Senator,Yonah Martin,Senator
536073,2022-05-12,Yonah Martin,Senator,1,Yonah Martin,Senator,Yonah Martin,Senator
542370,2022-09-29,Yonah Martin,Senator,1,Yonah Martin,Senator,Yonah Martin,Senator
542432,2022-09-29,Yonah Martin,Senator,1,Yonah Martin,Senator,Yonah Martin,Senator
551993,2022-11-17,Yonah Martin,Senator,1,Yonah Martin,Senator,Yonah Martin,Senator
550141,2022-11-21,Yonah Martin,Senator,1,Yonah Martin,Senator,Yonah Martin,Senator
548806,2022-12-01,Yonah Martin,Senator,1,Yonah Martin,Senator,Yonah Martin,Senator
554433,2022-12-01,Yonah Martin,Senator,1,Yonah Martin,Senator,Yonah Martin,Senator
552973,2022-12-09,Yonah Martin,Senator,1,Yonah Martin,Senator,Yonah Martin,Senator
560846,2023-02-01,Yonah Martin,Senator,1,Yonah Martin,Senator,Yonah Martin,Senator
556108,2023-02-08,Yonah Martin,Senator,1,Yonah Martin,Senator,Yonah Martin,Senator
558226,2023-02-16,Yonah Martin,Senator,1,Yonah Martin,Senator,Yonah Martin,Senator
562827,2023-04-04,Yonah Martin,Senator,1,Yonah Martin,Senator,Yonah Martin,Senator
569085,2023-05-02,Yonah Martin,Senator,1,Yonah Martin,Senator,Yonah Martin,Senator
583500,2023-10-03,Yonah Martin,Senator,1,Yonah Martin,Senator,Yonah Martin,Senator
588454,2023-11-15,Yonah Martin,Senator,1,Yonah Martin,Senator,Yonah Martin,Senator
596646,2024-02-06,Yonah Martin,Senator,1,Yonah Martin,Senator,Yonah Martin,Senator
597070,2024-02-06,Yonah Martin,Senator,1,Yonah Martin,Senator,Yonah Martin,Senator
598850,2024-03-18,Yonah Martin,Senator,1,Yonah Martin,Senator,Yonah Martin,Senator
599155,2024-03-26,Yonah Martin,Senator,1,Yonah Martin,Senator,Yonah Martin,Senator
601929,2024-04-30,Yonah Martin,Senator,1,Yonah Martin,Senator,Yonah Martin,Senator
604832,2024-04-30,Yonah Martin,Senator,1,Yonah Martin,Senator,Yonah Martin,Senator
602545,2024-05-09,Yonah Martin,Deputy Leader of the Opposition in the Senate,1,Yonah Martin,Deputy Leader of the Opposition in the Senate,Yonah Martin,Senator
605820,2024-05-09,Yonah Martin,Senator,1,Yonah Martin,Senator,Yonah Martin,Senator
607083,2024-05-09,Yonah Martin,Senator,1,Yonah Martin,Senator,Yonah Martin,Senator
607716,2024-05-09,Yonah Martin,Senator,1,Yonah Martin,Senator,Yonah Martin,Senator
605186,2024-05-23,Yonah Martin,Senator,1,Yonah Martin,Senator,Yonah Martin,Senator
605206,2024-05-23,Yonah Martin,Senator,1,Yonah Martin,Senator,Yonah Martin,Senator
605527,2024-05-23,Yonah Martin,Senator,1,Yonah Martin,Senator,Yonah Martin,Senator
606013,2024-05-23,Yonah Martin,Senator,1,Yonah Martin,Senator,Yonah Martin,Senator
607108,2024-05-28,Yonah Martin,Senator,1,Yonah Martin,Senator,Yonah Martin,Senator
618629,2024-09-16,Yonah Martin,Senator,1,Yonah Martin,Senator,Yonah Martin,Senator
619279,2024-10-29,Yonah Martin,Senator,1,Yonah Martin,Senator,Yonah Martin,Senator
621747,2024-11-05,Yonah Martin,Deputy Leader of the Official Opposition in the Senate,1,Yonah Martin,Deputy Leader of the Official Opposition in the Senate,Yonah Martin,Senator
620446,2024-11-05,Yonah Martin,Senator,1,Yonah Martin,Senator,Yonah Martin,Senator
624411,2024-11-05,Yonah Martin,Senator,1,Yonah Martin,Senator,Yonah Martin,Senator
624085,2024-11-27,Yonah Martin,Senator,1,Yonah Martin,Senator,Yonah Martin,Senator
624184,2024-11-27,Yonah Martin,Senator,1,Yonah Martin,Senator,Yonah Martin,Senator
446398,2019-02-26,Yorke Emiliy,Policy Advisor,1,Yorke Emiliy,Policy Advisor,Yorke Emiliy,Policy Advisor
504048,2021-04-08,Youmy Hahn,Policy Advisor,1,Youmy Hahn,Policy Advisor,Youmy Hahn,Policy Advisor
534377,2022-05-04,Youmy  Han,Advisor,1,Youmy Han,Advisor,Youmy Han,Deputy Chief of Staff
556708,2023-01-26,Youmy  Han,Special Advisor,1,Youmy Han,Special Advisor,Youmy Han,Deputy Chief of Staff
569492,2023-06-14,Youmy  Han,Regional Advisor,1,Youmy Han,Regional Advisor,Youmy Han,Deputy Chief of Staff
587708,2023-11-22,Youmy  Han,Deputy Chief of Staff,1,Youmy Han,Deputy Chief of Staff,Youmy Han,Deputy Chief of Staff
630383,2025-02-06,Youmy  Han ,Acting Chief of Staff,1,Youmy Han,Acting Chief of Staff,Youmy Han,Deputy Chief of Staff
459470,2019-04-04,Youmy Han,Constituency Assistant,1,Youmy Han,Constituency Assistant,Youmy Han,Deputy Chief of Staff
451950,2019-04-25,Youmy Han,Constituency Assistant,1,Youmy Han,Constituency Assistant,Youmy Han,Deputy Chief of Staff
455389,2019-05-22,Youmy Han,Constituency Assistant,1,Youmy Han,Constituency Assistant,Youmy Han,Deputy Chief of Staff
455397,2019-05-22,Youmy Han,Constituency Assistant,1,Youmy Han,Constituency Assistant,Youmy Han,Deputy Chief of Staff
463788,2020-01-28,Youmy Han,"Special Assistant, Regional Affairs (West and North)",1,Youmy Han,"Special Assistant, Regional Affairs (West and North)",Youmy Han,Deputy Chief of Staff
464820,2020-01-31,Youmy Han,"Special Assistant, Regional Affairs (West and North)",1,Youmy Han,"Special Assistant, Regional Affairs (West and North)",Youmy Han,Deputy Chief of Staff
466121,2020-02-04,Youmy Han,Special Assistant,1,Youmy Han,Special Assistant,Youmy Han,Deputy Chief of Staff
463972,2020-02-05,Youmy Han,"Special Assistant, Regional Affairs (West and North)",1,Youmy Han,"Special Assistant, Regional Affairs (West and North)",Youmy Han,Deputy Chief of Staff
468590,2020-02-21,Youmy Han,Special Assistant,1,Youmy Han,Special Assistant,Youmy Han,Deputy Chief of Staff
466787,2020-02-24,Youmy Han,"Special Assistant, Regional Affairs (West and North)",1,Youmy Han,"Special Assistant, Regional Affairs (West and North)",Youmy Han,Deputy Chief of Staff
465737,2020-02-28,Youmy Han,"Special Assistant, Regional Affairs (West and North)",1,Youmy Han,"Special Assistant, Regional Affairs (West and North)",Youmy Han,Deputy Chief of Staff
469790,2020-03-10,Youmy Han,Special Assistant,1,Youmy Han,Special Assistant,Youmy Han,Deputy Chief of Staff
471254,2020-03-23,Youmy Han,Special Assistant,1,Youmy Han,Special Assistant,Youmy Han,Deputy Chief of Staff
471970,2020-04-24,Youmy Han,Special Assistant,1,Youmy Han,Special Assistant,Youmy Han,Deputy Chief of Staff
473913,2020-05-11,Youmy Han,"Special Assistant, Regional Affairs (West and North)",1,Youmy Han,"Special Assistant, Regional Affairs (West and North)",Youmy Han,Deputy Chief of Staff
475560,2020-05-13,Youmy Han,"Special Assistant, Regional Affairs",1,Youmy Han,"Special Assistant, Regional Affairs",Youmy Han,Deputy Chief of Staff
474243,2020-05-14,Youmy Han,"Special Assistant, Regional Affairs (West and North)",1,Youmy Han,"Special Assistant, Regional Affairs (West and North)",Youmy Han,Deputy Chief of Staff
477706,2020-06-23,Youmy Han,"Special Assistant, Regional Affairs",1,Youmy Han,"Special Assistant, Regional Affairs",Youmy Han,Deputy Chief of Staff
478278,2020-06-23,Youmy Han,"Special Assistant, Regional Affairs (West and North)",1,Youmy Han,"Special Assistant, Regional Affairs (West and North)",Youmy Han,Deputy Chief of Staff
477586,2020-06-24,Youmy Han,"Special Assistant, Regional Affairs",1,Youmy Han,"Special Assistant, Regional Affairs",Youmy Han,Deputy Chief of Staff
478006,2020-06-24,Youmy Han,"Special Assistant, Regional Affairs",1,Youmy Han,"Special Assistant, Regional Affairs",Youmy Han,Deputy Chief of Staff
479728,2020-07-13,Youmy Han,Special Assistant,1,Youmy Han,Special Assistant,Youmy Han,Deputy Chief of Staff
478793,2020-07-16,Youmy Han,"Special Assistant, Regional Affairs (West and North)",1,Youmy Han,"Special Assistant, Regional Affairs (West and North)",Youmy Han,Deputy Chief of Staff
480359,2020-07-17,Youmy Han,"Special Assistant, Regional Affairs West/North",1,Youmy Han,"Special Assistant, Regional Affairs West/North",Youmy Han,Deputy Chief of Staff
481073,2020-08-28,Youmy Han,Assistant to the Minister,1,Youmy Han,Assistant to the Minister,Youmy Han,Deputy Chief of Staff
483839,2020-09-03,Youmy Han,"Special Assistant, Regional Affairs",1,Youmy Han,"Special Assistant, Regional Affairs",Youmy Han,Deputy Chief of Staff
482657,2020-09-10,Youmy Han,"Special Assistant, Regional Affairs West/North",1,Youmy Han,"Special Assistant, Regional Affairs West/North",Youmy Han,Deputy Chief of Staff
485899,2020-10-31,Youmy Han,"Special Assistant, Regional Affairs West/North",1,Youmy Han,"Special Assistant, Regional Affairs West/North",Youmy Han,Deputy Chief of Staff
489272,2020-11-03,Youmy Han,Press Secretary and Regional Advisor,1,Youmy Han,Press Secretary and Regional Advisor,Youmy Han,Deputy Chief of Staff
488279,2020-11-03,Youmy Han,Regional Advisor,1,Youmy Han,Regional Advisor,Youmy Han,Deputy Chief of Staff
488276,2020-11-13,Youmy Han,Regional Advisor,1,Youmy Han,Regional Advisor,Youmy Han,Deputy Chief of Staff
489914,2020-11-23,Youmy Han,Press Secretary,1,Youmy Han,Press Secretary,Youmy Han,Deputy Chief of Staff
492110,2020-12-16,Youmy Han,"Press Secretary and Regional Advisor, West and North",1,Youmy Han,"Press Secretary and Regional Advisor, West and North",Youmy Han,Deputy Chief of Staff
494500,2021-01-18,Youmy Han,Policy Advisor,1,Youmy Han,Policy Advisor,Youmy Han,Deputy Chief of Staff
494078,2021-01-27,Youmy Han,Western Desk,1,Youmy Han,Western Desk,Youmy Han,Deputy Chief of Staff
499670,2021-02-16,Youmy Han,"Press Secretary and Regional Advisor, West and North",1,Youmy Han,"Press Secretary and Regional Advisor, West and North",Youmy Han,Deputy Chief of Staff
496584,2021-02-16,Youmy Han,"Special Assistant, Regional Affairs",1,Youmy Han,"Special Assistant, Regional Affairs",Youmy Han,Deputy Chief of Staff
496955,2021-02-22,Youmy Han,"Regional Advisor, West and North",1,Youmy Han,"Regional Advisor, West and North",Youmy Han,Deputy Chief of Staff
500505,2021-03-01,Youmy Han,"Press Secretary, West Advisor",1,Youmy Han,"Press Secretary, West Advisor",Youmy Han,Deputy Chief of Staff
527312,2021-03-17,Youmy Han,"Regional Advisor, West and North",1,Youmy Han,"Regional Advisor, West and North",Youmy Han,Deputy Chief of Staff
509544,2021-06-21,Youmy Han,"Regional Advisor, BC",1,Youmy Han,"Regional Advisor, BC",Youmy Han,Deputy Chief of Staff
510082,2021-06-21,Youmy Han,"Regional Advisor, BC",1,Youmy Han,"Regional Advisor, BC",Youmy Han,Deputy Chief of Staff
510084,2021-06-22,Youmy Han,Regional Advisor,1,Youmy Han,Regional Advisor,Youmy Han,Deputy Chief of Staff
509411,2021-06-25,Youmy Han,"Regional Advisor, British Columbia",1,Youmy Han,"Regional Advisor, British Columbia",Youmy Han,Deputy Chief of Staff
513174,2021-07-08,Youmy Han,"Regional Advisor, BC",1,Youmy Han,"Regional Advisor, BC",Youmy Han,Deputy Chief of Staff
511496,2021-07-13,Youmy Han,Regional Advisor,1,Youmy Han,Regional Advisor,Youmy Han,Deputy Chief of Staff
510193,2021-07-13,Youmy Han,"Regional Desk, B.C.",1,Youmy Han,"Regional Desk, B.C.",Youmy Han,Deputy Chief of Staff
512040,2021-07-14,Youmy Han,"Regional Advisor, West and North",1,Youmy Han,"Regional Advisor, West and North",Youmy Han,Deputy Chief of Staff
513420,2021-07-15,Youmy Han,Regional Advisor,1,Youmy Han,Regional Advisor,Youmy Han,Deputy Chief of Staff
512693,2021-07-15,Youmy Han,Special Assistant,1,Youmy Han,Special Assistant,Youmy Han,Deputy Chief of Staff
513175,2021-07-16,Youmy Han,"Regional Advisor, BC",1,Youmy Han,"Regional Advisor, BC",Youmy Han,Deputy Chief of Staff
512025,2021-08-03,Youmy Han,"Regional Advisor, British Columbia",1,Youmy Han,"Regional Advisor, British Columbia",Youmy Han,Deputy Chief of Staff
513996,2021-08-04,Youmy Han,Western Desk,1,Youmy Han,Western Desk,Youmy Han,Deputy Chief of Staff
514053,2021-08-11,Youmy Han,"Regional Advisor, British Columbia",1,Youmy Han,"Regional Advisor, British Columbia",Youmy Han,Deputy Chief of Staff
515768,2021-10-13,Youmy Han,"Regional Advisor, British Columbia",1,Youmy Han,"Regional Advisor, British Columbia",Youmy Han,Deputy Chief of Staff
515828,2021-10-13,Youmy Han,"Regional Advisor, British Columbia",1,Youmy Han,"Regional Advisor, British Columbia",Youmy Han,Deputy Chief of Staff
515829,2021-10-13,Youmy Han,"Regional Advisor, British Columbia",1,Youmy Han,"Regional Advisor, British Columbia",Youmy Han,Deputy Chief of Staff
515569,2021-10-20,Youmy Han,"Regional Advisor, British Columbia",1,Youmy Han,"Regional Advisor, British Columbia",Youmy Han,Deputy Chief of Staff
515966,2021-10-25,Youmy Han,"Regional Advisor, British Columbia",1,Youmy Han,"Regional Advisor, British Columbia",Youmy Han,Deputy Chief of Staff
514968,2021-10-26,Youmy Han,"Regional Advisor, British Columbia",1,Youmy Han,"Regional Advisor, British Columbia",Youmy Han,Deputy Chief of Staff
515952,2021-10-28,Youmy Han,"Regional Advisor, British Columbia",1,Youmy Han,"Regional Advisor, British Columbia",Youmy Han,Deputy Chief of Staff
516370,2021-11-01,Youmy Han,"Regional Advisor, British Columbia",1,Youmy Han,"Regional Advisor, British Columbia",Youmy Han,Deputy Chief of Staff
517739,2021-11-04,Youmy Han,"Regional Advisor, British Columbia",1,Youmy Han,"Regional Advisor, British Columbia",Youmy Han,Deputy Chief of Staff
517160,2021-11-18,Youmy Han,"Regional Advisor, British Columbia",1,Youmy Han,"Regional Advisor, British Columbia",Youmy Han,Deputy Chief of Staff
517497,2021-11-18,Youmy Han,"Regional Advisor, British Columbia",1,Youmy Han,"Regional Advisor, British Columbia",Youmy Han,Deputy Chief of Staff
517443,2021-11-29,Youmy Han,"Regional Advisor, British Columbia",1,Youmy Han,"Regional Advisor, British Columbia",Youmy Han,Deputy Chief of Staff
517090,2021-11-30,Youmy Han,"Regional Advisor, British Columbia",1,Youmy Han,"Regional Advisor, British Columbia",Youmy Han,Deputy Chief of Staff
520014,2021-12-03,Youmy Han,"Regional Advisor, British Columbia",1,Youmy Han,"Regional Advisor, British Columbia",Youmy Han,Deputy Chief of Staff
519699,2021-12-07,Youmy Han,"Regional Advisor, British Columbia",1,Youmy Han,"Regional Advisor, British Columbia",Youmy Han,Deputy Chief of Staff
519544,2021-12-13,Youmy Han,"Regional Advisor, British Columbia",1,Youmy Han,"Regional Advisor, British Columbia",Youmy Han,Deputy Chief of Staff
518886,2022-01-07,Youmy Han,"Regional Advisor, British Columbia",1,Youmy Han,"Regional Advisor, British Columbia",Youmy Han,Deputy Chief of Staff
523051,2022-01-07,Youmy Han,"Regional Advisor, British Columbia",1,Youmy Han,"Regional Advisor, British Columbia",Youmy Han,Deputy Chief of Staff
523804,2022-02-25,Youmy Han,"Regional Advisor, British Columbia",1,Youmy Han,"Regional Advisor, British Columbia",Youmy Han,Deputy Chief of Staff
525196,2022-02-25,Youmy Han,"Regional Advisor, British Columbia",1,Youmy Han,"Regional Advisor, British Columbia",Youmy Han,Deputy Chief of Staff
526220,2022-02-25,Youmy Han,"Regional Advisor, British Columbia",1,Youmy Han,"Regional Advisor, British Columbia",Youmy Han,Deputy Chief of Staff
529894,2022-03-11,Youmy Han,Regional Advisor,1,Youmy Han,Regional Advisor,Youmy Han,Deputy Chief of Staff
529174,2022-03-11,Youmy Han,"Regional Advisor, British Columbia",1,Youmy Han,"Regional Advisor, British Columbia",Youmy Han,Deputy Chief of Staff
529827,2022-04-14,Youmy Han,"Regional Advisor, British Columbia",1,Youmy Han,"Regional Advisor, British Columbia",Youmy Han,Deputy Chief of Staff
531448,2022-04-14,Youmy Han,"Regional Advisor, British Columbia",1,Youmy Han,"Regional Advisor, British Columbia",Youmy Han,Deputy Chief of Staff
531954,2022-04-20,Youmy Han,"Regional Advisor, British Columbia",1,Youmy Han,"Regional Advisor, British Columbia",Youmy Han,Deputy Chief of Staff
530299,2022-04-26,Youmy Han,"Regional Advisor, British Columbia",1,Youmy Han,"Regional Advisor, British Columbia",Youmy Han,Deputy Chief of Staff
531233,2022-04-29,Youmy Han,Regional Advisor,1,Youmy Han,Regional Advisor,Youmy Han,Deputy Chief of Staff
535582,2022-05-04,Youmy Han,"Regional Advisor, British Columbia",1,Youmy Han,"Regional Advisor, British Columbia",Youmy Han,Deputy Chief of Staff
532638,2022-05-11,Youmy Han,"Regional Advisor, British Columbia",1,Youmy Han,"Regional Advisor, British Columbia",Youmy Han,Deputy Chief of Staff
534686,2022-05-12,Youmy Han,"Regional Advisor, British Columbia",1,Youmy Han,"Regional Advisor, British Columbia",Youmy Han,Deputy Chief of Staff
538209,2022-06-01,Youmy Han,"Regional Advisor, British Columbia",1,Youmy Han,"Regional Advisor, British Columbia",Youmy Han,Deputy Chief of Staff
536760,2022-06-03,Youmy Han,"Regional Advisor, British Columbia",1,Youmy Han,"Regional Advisor, British Columbia",Youmy Han,Deputy Chief of Staff
538335,2022-06-07,Youmy Han,"Regional Advisor, British Columbia",1,Youmy Han,"Regional Advisor, British Columbia",Youmy Han,Deputy Chief of Staff
538534,2022-06-09,Youmy Han,Regional Advisor,1,Youmy Han,Regional Advisor,Youmy Han,Deputy Chief of Staff
533705,2022-06-09,Youmy Han,"Regional Advisor, British Columbia",1,Youmy Han,"Regional Advisor, British Columbia",Youmy Han,Deputy Chief of Staff
533720,2022-06-09,Youmy Han,"Regional Advisor, British Columbia",1,Youmy Han,"Regional Advisor, British Columbia",Youmy Han,Deputy Chief of Staff
536306,2022-06-14,Youmy Han,"Regional Advisor, British Columbia",1,Youmy Han,"Regional Advisor, British Columbia",Youmy Han,Deputy Chief of Staff
535989,2022-06-16,Youmy Han,"Regional Advisor, British Columbia",1,Youmy Han,"Regional Advisor, British Columbia",Youmy Han,Deputy Chief of Staff
536680,2022-06-22,Youmy Han,"Regional Advisor, British Columbia",1,Youmy Han,"Regional Advisor, British Columbia",Youmy Han,Deputy Chief of Staff
537720,2022-06-29,Youmy Han,"Regional Advisor, British Columbia",1,Youmy Han,"Regional Advisor, British Columbia",Youmy Han,Deputy Chief of Staff
538145,2022-06-30,Youmy Han,"Regional Advisor, British Columbia",1,Youmy Han,"Regional Advisor, British Columbia",Youmy Han,Deputy Chief of Staff
539793,2022-07-29,Youmy Han,Regional Advisor,1,Youmy Han,Regional Advisor,Youmy Han,Deputy Chief of Staff
540936,2022-08-05,Youmy Han,"Regional Advisor, British Columbia",1,Youmy Han,"Regional Advisor, British Columbia",Youmy Han,Deputy Chief of Staff
541574,2022-08-24,Youmy Han,Regional Advisor,1,Youmy Han,Regional Advisor,Youmy Han,Deputy Chief of Staff
541977,2022-08-30,Youmy Han,Regional Advisor,1,Youmy Han,Regional Advisor,Youmy Han,Deputy Chief of Staff
542780,2022-09-01,Youmy Han,"Regional Advisor, British Columbia",1,Youmy Han,"Regional Advisor, British Columbia",Youmy Han,Deputy Chief of Staff
542981,2022-09-16,Youmy Han,Special Advisor,1,Youmy Han,Special Advisor,Youmy Han,Deputy Chief of Staff
543955,2022-09-27,Youmy Han,Member of Parliament,1,Youmy Han,Member of Parliament,Youmy Han,Deputy Chief of Staff
543050,2022-09-27,Youmy Han,Regional Advisor,1,Youmy Han,Regional Advisor,Youmy Han,Deputy Chief of Staff
542421,2022-09-29,Youmy Han,"Regional Advisor, British Columbia",1,Youmy Han,"Regional Advisor, British Columbia",Youmy Han,Deputy Chief of Staff
547419,2022-10-04,Youmy Han,"Regional Advisor, BC",1,Youmy Han,"Regional Advisor, BC",Youmy Han,Deputy Chief of Staff
545560,2022-10-05,Youmy Han,"Regional Advisor, BC",1,Youmy Han,"Regional Advisor, BC",Youmy Han,Deputy Chief of Staff
544326,2022-10-07,Youmy Han,Regional Advisor,1,Youmy Han,Regional Advisor,Youmy Han,Deputy Chief of Staff
543567,2022-10-07,Youmy Han,"Regional Advisor, BC",1,Youmy Han,"Regional Advisor, BC",Youmy Han,Deputy Chief of Staff
543227,2022-10-11,Youmy Han,"Regional Advisor, British Columbia",1,Youmy Han,"Regional Advisor, British Columbia",Youmy Han,Deputy Chief of Staff
544738,2022-10-24,Youmy Han,"Regional Advisor, British Columbia",1,Youmy Han,"Regional Advisor, British Columbia",Youmy Han,Deputy Chief of Staff
545054,2022-10-26,Youmy Han,"Regional Advisor, BC",1,Youmy Han,"Regional Advisor, BC",Youmy Han,Deputy Chief of Staff
546515,2022-10-31,Youmy Han,"Regional Advisor, British Columbia",1,Youmy Han,"Regional Advisor, British Columbia",Youmy Han,Deputy Chief of Staff
549920,2022-11-01,Youmy Han,Western Desk,1,Youmy Han,Western Desk,Youmy Han,Deputy Chief of Staff
548627,2022-11-02,Youmy Han,"Regional Advisor, British Columbia",1,Youmy Han,"Regional Advisor, British Columbia",Youmy Han,Deputy Chief of Staff
552286,2022-11-04,Youmy Han,BC Desk,1,Youmy Han,BC Desk,Youmy Han,Deputy Chief of Staff
548134,2022-11-21,Youmy Han,"Regional Desk, B.C.",1,Youmy Han,"Regional Desk, B.C.",Youmy Han,Deputy Chief of Staff
550447,2022-11-23,Youmy Han,"Regional Advisor, British Columbia",1,Youmy Han,"Regional Advisor, British Columbia",Youmy Han,Deputy Chief of Staff
554593,2022-12-08,Youmy Han,Special Advisor,1,Youmy Han,Special Advisor,Youmy Han,Deputy Chief of Staff
553279,2022-12-13,Youmy Han,"Regional Advisor, British Columbia",1,Youmy Han,"Regional Advisor, British Columbia",Youmy Han,Deputy Chief of Staff
554974,2023-01-24,Youmy Han,"Regional Advisor, British Columbia",1,Youmy Han,"Regional Advisor, British Columbia",Youmy Han,Deputy Chief of Staff
556543,2023-01-24,Youmy Han,"Regional Advisor, British Columbia",1,Youmy Han,"Regional Advisor, British Columbia",Youmy Han,Deputy Chief of Staff
558510,2023-02-08,Youmy Han,"Regional Advisor, British Columbia",1,Youmy Han,"Regional Advisor, British Columbia",Youmy Han,Deputy Chief of Staff
559610,2023-02-08,Youmy Han,"Regional Advisor, British Columbia",1,Youmy Han,"Regional Advisor, British Columbia",Youmy Han,Deputy Chief of Staff
559446,2023-02-17,Youmy Han,Policy Advisor,1,Youmy Han,Policy Advisor,Youmy Han,Deputy Chief of Staff
557755,2023-02-23,Youmy Han,Special Advisor,1,Youmy Han,Special Advisor,Youmy Han,Deputy Chief of Staff
574499,2023-04-25,Youmy Han,Regional Advisor,1,Youmy Han,Regional Advisor,Youmy Han,Deputy Chief of Staff
574550,2023-04-25,Youmy Han,Regional Advisor,1,Youmy Han,Regional Advisor,Youmy Han,Deputy Chief of Staff
563608,2023-04-25,Youmy Han,"Regional Advisor, BC",1,Youmy Han,"Regional Advisor, BC",Youmy Han,Deputy Chief of Staff
564299,2023-04-26,Youmy Han,"Regional Advisor, British Columbia",1,Youmy Han,"Regional Advisor, British Columbia",Youmy Han,Deputy Chief of Staff
563762,2023-04-27,Youmy Han,"Regional Advisor, British Columbia",1,Youmy Han,"Regional Advisor, British Columbia",Youmy Han,Deputy Chief of Staff
565360,2023-05-10,Youmy Han,"Regional Advisor, BC",1,Youmy Han,"Regional Advisor, BC",Youmy Han,Deputy Chief of Staff
569974,2023-05-12,Youmy Han,Regional Advisor,1,Youmy Han,Regional Advisor,Youmy Han,Deputy Chief of Staff
567299,2023-05-15,Youmy Han,"Regional Advisor, British Columbia",1,Youmy Han,"Regional Advisor, British Columbia",Youmy Han,Deputy Chief of Staff
569408,2023-05-18,Youmy Han,"Regional Advisor, British Columbia",1,Youmy Han,"Regional Advisor, British Columbia",Youmy Han,Deputy Chief of Staff
569245,2023-05-30,Youmy Han,"Regional Advisor, BC",1,Youmy Han,"Regional Advisor, BC",Youmy Han,Deputy Chief of Staff
570364,2023-05-31,Youmy Han,"Regional Advisor, British Columbia",1,Youmy Han,"Regional Advisor, British Columbia",Youmy Han,Deputy Chief of Staff
570401,2023-05-31,Youmy Han,"Regional Advisor, British Columbia",1,Youmy Han,"Regional Advisor, British Columbia",Youmy Han,Deputy Chief of Staff
568085,2023-06-02,Youmy Han,"Advisor, BC",1,Youmy Han,"Advisor, BC",Youmy Han,Deputy Chief of Staff
568568,2023-06-12,Youmy Han,Regional Advisor,1,Youmy Han,Regional Advisor,Youmy Han,Deputy Chief of Staff
572719,2023-06-15,Youmy Han,"Regional Advisor, BC",1,Youmy Han,"Regional Advisor, BC",Youmy Han,Deputy Chief of Staff
572197,2023-06-28,Youmy Han,"Regional Advisor, B.C.",1,Youmy Han,"Regional Advisor, B.C.",Youmy Han,Deputy Chief of Staff
571021,2023-06-30,Youmy Han,"Regional Advisor, British Columbia",1,Youmy Han,"Regional Advisor, British Columbia",Youmy Han,Deputy Chief of Staff
575518,2023-07-04,Youmy Han,Regional Advisor,1,Youmy Han,Regional Advisor,Youmy Han,Deputy Chief of Staff
575029,2023-07-05,Youmy Han,"Regional Advisor, B.C.",1,Youmy Han,"Regional Advisor, B.C.",Youmy Han,Deputy Chief of Staff
574557,2023-07-06,Youmy Han,Regional Advisor,1,Youmy Han,Regional Advisor,Youmy Han,Deputy Chief of Staff
574013,2023-07-07,Youmy Han,Regional Advisor,1,Youmy Han,Regional Advisor,Youmy Han,Deputy Chief of Staff
573948,2023-07-20,Youmy Han,"Regional Advisor, British Columbia",1,Youmy Han,"Regional Advisor, British Columbia",Youmy Han,Deputy Chief of Staff
575680,2023-08-09,Youmy Han,"Regional Advisor, British Columbia",1,Youmy Han,"Regional Advisor, British Columbia",Youmy Han,Deputy Chief of Staff
575687,2023-08-09,Youmy Han,"Regional Advisor, British Columbia",1,Youmy Han,"Regional Advisor, British Columbia",Youmy Han,Deputy Chief of Staff
576208,2023-08-09,Youmy Han,"Regional Advisor, British Columbia",1,Youmy Han,"Regional Advisor, British Columbia",Youmy Han,Deputy Chief of Staff
577142,2023-09-21,Youmy Han,Deputy Chief of Staff,1,Youmy Han,Deputy Chief of Staff,Youmy Han,Deputy Chief of Staff
582134,2023-10-03,Youmy Han,Deputy Chief of Staff,1,Youmy Han,Deputy Chief of Staff,Youmy Han,Deputy Chief of Staff
582394,2023-10-05,Youmy Han,Deputy Chief of Staff,1,Youmy Han,Deputy Chief of Staff,Youmy Han,Deputy Chief of Staff
578447,2023-10-10,Youmy Han,Deputy Chief of Staff,1,Youmy Han,Deputy Chief of Staff,Youmy Han,Deputy Chief of Staff
581845,2023-10-17,Youmy Han,Deputy Chief of Staff,1,Youmy Han,Deputy Chief of Staff,Youmy Han,Deputy Chief of Staff
581570,2023-10-18,Youmy Han,Deputy Chief of Staff,1,Youmy Han,Deputy Chief of Staff,Youmy Han,Deputy Chief of Staff
594957,2023-10-26,Youmy Han,Deputy Chief of Staff,1,Youmy Han,Deputy Chief of Staff,Youmy Han,Deputy Chief of Staff
585764,2023-11-02,Youmy Han,Deputy Chief of Staff,1,Youmy Han,Deputy Chief of Staff,Youmy Han,Deputy Chief of Staff
586341,2023-11-06,Youmy Han,Deputy Chief of Staff,1,Youmy Han,Deputy Chief of Staff,Youmy Han,Deputy Chief of Staff
587717,2023-11-07,Youmy Han,Deputy Chief of Staff,1,Youmy Han,Deputy Chief of Staff,Youmy Han,Deputy Chief of Staff
581768,2023-11-09,Youmy Han,Deputy Chief of Staff,1,Youmy Han,Deputy Chief of Staff,Youmy Han,Deputy Chief of Staff
581975,2023-11-10,Youmy Han,Deputy Chief of Staff,1,Youmy Han,Deputy Chief of Staff,Youmy Han,Deputy Chief of Staff
581978,2023-11-10,Youmy Han,Deputy Chief of Staff,1,Youmy Han,Deputy Chief of Staff,Youmy Han,Deputy Chief of Staff
586959,2023-11-10,Youmy Han,Deputy Chief of Staff,1,Youmy Han,Deputy Chief of Staff,Youmy Han,Deputy Chief of Staff
587285,2023-11-14,Youmy Han,Deputy Chief of Staff,1,Youmy Han,Deputy Chief of Staff,Youmy Han,Deputy Chief of Staff
585777,2023-11-16,Youmy Han,Deputy Chief of Staff,1,Youmy Han,Deputy Chief of Staff,Youmy Han,Deputy Chief of Staff
587663,2023-11-20,Youmy Han,Deputy Chief of Staff,1,Youmy Han,Deputy Chief of Staff,Youmy Han,Deputy Chief of Staff
586762,2023-11-22,Youmy Han,Deputy Chief of Staff,1,Youmy Han,Deputy Chief of Staff,Youmy Han,Deputy Chief of Staff
586583,2023-12-06,Youmy Han,Deputy Chief of Staff,1,Youmy Han,Deputy Chief of Staff,Youmy Han,Deputy Chief of Staff
593122,2024-01-22,Youmy Han,Deputy Chief of Staff,1,Youmy Han,Deputy Chief of Staff,Youmy Han,Deputy Chief of Staff
596506,2024-02-07,Youmy Han,Deputy Chief of Staff,1,Youmy Han,Deputy Chief of Staff,Youmy Han,Deputy Chief of Staff
597680,2024-02-07,Youmy Han,Deputy Chief of Staff,1,Youmy Han,Deputy Chief of Staff,Youmy Han,Deputy Chief of Staff
593569,2024-02-08,Youmy Han,Deputy Chief of Staff,1,Youmy Han,Deputy Chief of Staff,Youmy Han,Deputy Chief of Staff
593900,2024-02-08,Youmy Han,Deputy Chief of Staff,1,Youmy Han,Deputy Chief of Staff,Youmy Han,Deputy Chief of Staff
596762,2024-02-13,Youmy Han,Deputy Chief of Staff,1,Youmy Han,Deputy Chief of Staff,Youmy Han,Deputy Chief of Staff
597189,2024-02-29,Youmy Han,Deputy Chief of Staff,1,Youmy Han,Deputy Chief of Staff,Youmy Han,Deputy Chief of Staff
597856,2024-02-29,Youmy Han,Deputy Chief of Staff,1,Youmy Han,Deputy Chief of Staff,Youmy Han,Deputy Chief of Staff
600606,2024-03-08,Youmy Han,Deputy Chief of Staff,1,Youmy Han,Deputy Chief of Staff,Youmy Han,Deputy Chief of Staff
600805,2024-03-20,Youmy Han,Deputy Chief of Staff,1,Youmy Han,Deputy Chief of Staff,Youmy Han,Deputy Chief of Staff
600921,2024-03-20,Youmy Han,Deputy Chief of Staff,1,Youmy Han,Deputy Chief of Staff,Youmy Han,Deputy Chief of Staff
599330,2024-03-27,Youmy Han,Deputy Chief of Staff,1,Youmy Han,Deputy Chief of Staff,Youmy Han,Deputy Chief of Staff
599332,2024-03-27,Youmy Han,Deputy Chief of Staff,1,Youmy Han,Deputy Chief of Staff,Youmy Han,Deputy Chief of Staff
600203,2024-03-27,Youmy Han,Deputy Chief of Staff,1,Youmy Han,Deputy Chief of Staff,Youmy Han,Deputy Chief of Staff
599451,2024-04-04,Youmy Han,Deputy Chief of Staff,1,Youmy Han,Deputy Chief of Staff,Youmy Han,Deputy Chief of Staff
601731,2024-04-04,Youmy Han,Deputy Chief of Staff,1,Youmy Han,Deputy Chief of Staff,Youmy Han,Deputy Chief of Staff
604195,2024-04-16,Youmy Han,Deputy Chief of Staff,1,Youmy Han,Deputy Chief of Staff,Youmy Han,Deputy Chief of Staff
601212,2024-04-17,Youmy Han,Deputy Chief of Staff,1,Youmy Han,Deputy Chief of Staff,Youmy Han,Deputy Chief of Staff
601993,2024-04-29,Youmy Han,Deputy Chief of Staff,1,Youmy Han,Deputy Chief of Staff,Youmy Han,Deputy Chief of Staff
602063,2024-04-29,Youmy Han,Deputy Chief of Staff,1,Youmy Han,Deputy Chief of Staff,Youmy Han,Deputy Chief of Staff
601629,2024-04-30,Youmy Han,Deputy Chief of Staff,1,Youmy Han,Deputy Chief of Staff,Youmy Han,Deputy Chief of Staff
606453,2024-05-01,Youmy Han,Deputy Chief of Staff,1,Youmy Han,Deputy Chief of Staff,Youmy Han,Deputy Chief of Staff
607558,2024-05-14,Youmy Han,Deputy Chief of Staff,1,Youmy Han,Deputy Chief of Staff,Youmy Han,Deputy Chief of Staff
605550,2024-05-30,Youmy Han,Deputy Chief of Staff,1,Youmy Han,Deputy Chief of Staff,Youmy Han,Deputy Chief of Staff
606099,2024-05-30,Youmy Han,Deputy Chief of Staff,1,Youmy Han,Deputy Chief of Staff,Youmy Han,Deputy Chief of Staff
608909,2024-06-04,Youmy Han,Deputy Chief of Staff,1,Youmy Han,Deputy Chief of Staff,Youmy Han,Deputy Chief of Staff
609729,2024-06-13,Youmy Han,Deputy Chief of Staff,1,Youmy Han,Deputy Chief of Staff,Youmy Han,Deputy Chief of Staff
610743,2024-06-19,Youmy Han,Deputy Chief of Staff,1,Youmy Han,Deputy Chief of Staff,Youmy Han,Deputy Chief of Staff
609132,2024-06-20,Youmy Han,Deputy Chief of Staff,1,Youmy Han,Deputy Chief of Staff,Youmy Han,Deputy Chief of Staff
610488,2024-07-05,Youmy Han,Deputy Chief of Staff,1,Youmy Han,Deputy Chief of Staff,Youmy Han,Deputy Chief of Staff
613397,2024-07-10,Youmy Han,Deputy Chief of Staff,1,Youmy Han,Deputy Chief of Staff,Youmy Han,Deputy Chief of Staff
614336,2024-08-21,Youmy Han,Deputy Chief of Staff,1,Youmy Han,Deputy Chief of Staff,Youmy Han,Deputy Chief of Staff
613751,2024-08-22,Youmy Han,Deputy Chief of Staff,1,Youmy Han,Deputy Chief of Staff,Youmy Han,Deputy Chief of Staff
613752,2024-08-23,Youmy Han,Deputy Chief of Staff,1,Youmy Han,Deputy Chief of Staff,Youmy Han,Deputy Chief of Staff
613708,2024-08-27,Youmy Han,Deputy Chief of Staff,1,Youmy Han,Deputy Chief of Staff,Youmy Han,Deputy Chief of Staff
613880,2024-08-27,Youmy Han,Deputy Chief of Staff,1,Youmy Han,Deputy Chief of Staff,Youmy Han,Deputy Chief of Staff
613834,2024-08-28,Youmy Han,Deputy Chief of Staff,1,Youmy Han,Deputy Chief of Staff,Youmy Han,Deputy Chief of Staff
618017,2024-09-10,Youmy Han,Deputy Chief of Staff,1,Youmy Han,Deputy Chief of Staff,Youmy Han,Deputy Chief of Staff
617886,2024-09-19,Youmy Han,Deputy Chief of Staff,1,Youmy Han,Deputy Chief of Staff,Youmy Han,Deputy Chief of Staff
616726,2024-10-02,Youmy Han,Deputy Chief of Staff,1,Youmy Han,Deputy Chief of Staff,Youmy Han,Deputy Chief of Staff
619275,2024-10-08,Youmy Han,Deputy Chief of Staff,1,Youmy Han,Deputy Chief of Staff,Youmy Han,Deputy Chief of Staff
621173,2024-10-08,Youmy Han,Deputy Chief of Staff,1,Youmy Han,Deputy Chief of Staff,Youmy Han,Deputy Chief of Staff
618749,2024-10-15,Youmy Han,Deputy Chief of Staff,1,Youmy Han,Deputy Chief of Staff,Youmy Han,Deputy Chief of Staff
618879,2024-10-22,Youmy Han,Deputy Chief of Staff,1,Youmy Han,Deputy Chief of Staff,Youmy Han,Deputy Chief of Staff
625113,2024-11-26,Youmy Han,Deputy Chief of Staff,1,Youmy Han,Deputy Chief of Staff,Youmy Han,Deputy Chief of Staff
624551,2024-12-03,Youmy Han,Deputy Chief of Staff,1,Youmy Han,Deputy Chief of Staff,Youmy Han,Deputy Chief of Staff
628279,2024-12-03,Youmy Han,Deputy Chief of Staff,1,Youmy Han,Deputy Chief of Staff,Youmy Han,Deputy Chief of Staff
629215,2024-12-16,Youmy Han,Deputy Chief of Staff,1,Youmy Han,Deputy Chief of Staff,Youmy Han,Deputy Chief of Staff
630331,2025-01-28,Youmy Han,Deputy Chief of Staff,1,Youmy Han,Deputy Chief of Staff,Youmy Han,Deputy Chief of Staff
630329,2025-02-04,Youmy Han,Deputy Chief of Staff,1,Youmy Han,Deputy Chief of Staff,Youmy Han,Deputy Chief of Staff
633795,2025-02-04,Youmy Han,Deputy Chief of Staff,1,Youmy Han,Deputy Chief of Staff,Youmy Han,Deputy Chief of Staff
633509,2025-02-05,Youmy Han,Deputy Chief of Staff,1,Youmy Han,Deputy Chief of Staff,Youmy Han,Deputy Chief of Staff
630736,2025-02-10,Youmy Han,Deputy Chief of Staff,1,Youmy Han,Deputy Chief of Staff,Youmy Han,Deputy Chief of Staff
631687,2025-02-12,Youmy Han,Deputy Chief of Staff,1,Youmy Han,Deputy Chief of Staff,Youmy Han,Deputy Chief of Staff
632120,2025-02-12,Youmy Han,Deputy Chief of Staff,1,Youmy Han,Deputy Chief of Staff,Youmy Han,Deputy Chief of Staff
632129,2025-02-12,Youmy Han,Deputy Chief of Staff,1,Youmy Han,Deputy Chief of Staff,Youmy Han,Deputy Chief of Staff
632118,2025-02-28,Youmy Han,Deputy Chief of Staff,1,Youmy Han,Deputy Chief of Staff,Youmy Han,Deputy Chief of Staff
632150,2025-03-04,Youmy Han,Deputy Chief of Staff,1,Youmy Han,Deputy Chief of Staff,Youmy Han,Deputy Chief of Staff
633732,2025-03-05,Youmy Han,Deputy Chief of Staff,1,Youmy Han,Deputy Chief of Staff,Youmy Han,Deputy Chief of Staff
634298,2025-03-10,Youmy Han,Deputy Chief of Staff,1,Youmy Han,Deputy Chief of Staff,Youmy Han,Deputy Chief of Staff
635032,2025-03-12,Youmy Han,Deputy Chief of Staff,1,Youmy Han,Deputy Chief of Staff,Youmy Han,Deputy Chief of Staff
635237,2025-03-18,Youmy Han,Deputy Chief of Staff,1,Youmy Han,Deputy Chief of Staff,Youmy Han,Deputy Chief of Staff
635524,2025-05-06,Youmy Han,Acting Chief of Staff,1,Youmy Han,Acting Chief of Staff,Youmy Han,Deputy Chief of Staff
574486,2023-07-04,Youn-Young Park,Policy Analyst,1,Youn-young Park,Policy Analyst,Youn-young Park,Policy Analyst
574496,2023-08-11,Youn-Young Park,Policy Analyst,1,Youn-young Park,Policy Analyst,Youn-young Park,Policy Analyst
587999,2023-11-02,Youn-Young Park,Policy Analyst,1,Youn-young Park,Policy Analyst,Youn-young Park,Policy Analyst
398430,2017-03-28,Youri Rousseau,Regional Director,1,Youri Rousseau,Regional Director,Youri Rousseau,Regional Director
400127,2017-04-27,Youri Rousseau,Regional Director,1,Youri Rousseau,Regional Director,Youri Rousseau,Regional Director
448556,2019-02-26,Yousefian Farzin,Senior Advisor,1,Yousefian Farzin,Senior Advisor,Yousefian Farzin,Senior Advisor
461130,2019-11-21,Youssef El Jai,Director,1,Youssef El Jai,Director,Youssef El Jai,Director
486223,2020-11-02,Youssef El Jai,Director,1,Youssef El Jai,Director,Youssef El Jai,Director
620183,2024-10-31,Youssef  Zine,Competition Advocate,1,Youssef Zine,Competition Advocate,Youssef Zine,Competition Advocate
585021,2023-11-02,Youssef Zine Elabidine,Competition Law Officer,1,Youssef Zine Elabidine,Competition Law Officer,Youssef Zine Elabidine,Competition Law Officer
340360,2014-11-25,Yovnne Jones,Member of Parliament,1,Yovnne Jones,Member of Parliament,Yvonne Jones,Member of Parliament
456282,2019-05-06,Yuan (Alice) Zheng,Staffer,1,Yuan Zheng,Staffer,Yuan Zheng,Staffer
497303,2021-03-04,Yuan Pau Woo,Senator,1,Yuan Pau Woo,Senator,Yuen Pau Woo,Senator
607731,2024-05-21,Yuan  Yi Zhu,Policy Advisor,1,Yuan Yi Zhu,Policy Advisor,Yuan Yi Zhu,Policy Advisor
599099,2024-03-01,Yuan Yi   Zhu,"Senior Policy Advisor, Office of the Leader of the Opposition",1,Yuan Yi Zhu,"Senior Policy Advisor, Office of the Leader of the Opposition",Yuan Yi Zhu,Policy Advisor
597537,2024-02-29,Yuan Yi Zhu,Senior Policy Advisor,1,Yuan Yi Zhu,Senior Policy Advisor,Yuan Yi Zhu,Policy Advisor
598291,2024-03-13,Yuan Yi Zhu,Senior Policy Advisor,1,Yuan Yi Zhu,Senior Policy Advisor,Yuan Yi Zhu,Policy Advisor
600764,2024-03-19,Yuan Yi Zhu,Senior Policy Advisor,1,Yuan Yi Zhu,Senior Policy Advisor,Yuan Yi Zhu,Policy Advisor
605182,2024-04-04,Yuan Yi Zhu,Policy Advisor,1,Yuan Yi Zhu,Policy Advisor,Yuan Yi Zhu,Policy Advisor
602245,2024-04-15,Yuan Yi Zhu,Senior Policy Advisor,1,Yuan Yi Zhu,Senior Policy Advisor,Yuan Yi Zhu,Policy Advisor
626814,2024-11-22,Yuan Yi Zhu,Parliamentary Assistant,1,Yuan Yi Zhu,Parliamentary Assistant,Yuan Yi Zhu,Policy Advisor
626771,2024-11-22,Yuan Yi Zhu,Policy Advisor,1,Yuan Yi Zhu,Policy Advisor,Yuan Yi Zhu,Policy Advisor
626844,2024-11-22,Yuan Yi Zhu,Policy Advisor,1,Yuan Yi Zhu,Policy Advisor,Yuan Yi Zhu,Policy Advisor
626895,2024-11-22,Yuan Yi Zhu,Policy Advisor,1,Yuan Yi Zhu,Policy Advisor,Yuan Yi Zhu,Policy Advisor
626969,2024-11-22,Yuan Yi Zhu,Policy Advisor,1,Yuan Yi Zhu,Policy Advisor,Yuan Yi Zhu,Policy Advisor
515924,2021-10-13,Yuanyue Geng,Policy Officer,1,Yuanyue Geng,Policy Officer,Yuanyue Geng,Policy Officer
595934,2024-02-23,Yuan Zhu,Policy Advisor,1,Yuan Zhu,Policy Advisor,Yuan Yi Zhu,Policy Advisor
484224,2020-09-14,Yu Changxue,"Minister Counsellor, Chinese Embassy",1,Yu Changxue,"Minister Counsellor, Chinese Embassy",Yu Changxue,"Minister Counsellor, Chinese Embassy"
416807,2017-11-30,Yuen Pao Woo,Senator,1,Yuen Pao Woo,Senator,Yuen Pau Woo,Senator
488899,2020-11-23,Yuen Pau	Woo,Senator,1,Yuen Pau Woo,Senator,Yuen Pau Woo,Senator
397123,2017-02-10,Yuen Pau Woo,Senator,1,Yuen Pau Woo,Senator,Yuen Pau Woo,Senator
398575,2017-03-01,Yuen Pau Woo,Senator,1,Yuen Pau Woo,Senator,Yuen Pau Woo,Senator
397264,2017-03-20,Yuen Pau Woo,Senator,1,Yuen Pau Woo,Senator,Yuen Pau Woo,Senator
399583,2017-04-04,Yuen Pau Woo,Senator,1,Yuen Pau Woo,Senator,Yuen Pau Woo,Senator
400227,2017-04-05,Yuen Pau Woo,Senator,1,Yuen Pau Woo,Senator,Yuen Pau Woo,Senator
400952,2017-04-12,Yuen Pau Woo,Senator,1,Yuen Pau Woo,Senator,Yuen Pau Woo,Senator
401366,2017-05-17,Yuen Pau Woo,Senator,1,Yuen Pau Woo,Senator,Yuen Pau Woo,Senator
402727,2017-05-17,Yuen Pau Woo,Senator,1,Yuen Pau Woo,Senator,Yuen Pau Woo,Senator
404118,2017-06-19,Yuen Pau Woo,Senator,1,Yuen Pau Woo,Senator,Yuen Pau Woo,Senator
408920,2017-09-27,Yuen Pau Woo,Senator,1,Yuen Pau Woo,Senator,Yuen Pau Woo,Senator
416137,2017-11-01,Yuen Pau Woo,Senator,1,Yuen Pau Woo,Senator,Yuen Pau Woo,Senator
416028,2017-11-23,Yuen Pau Woo,Senator,1,Yuen Pau Woo,Senator,Yuen Pau Woo,Senator
419759,2017-12-12,Yuen Pau Woo,Senator,1,Yuen Pau Woo,Senator,Yuen Pau Woo,Senator
420112,2018-01-31,Yuen Pau Woo,Senator,1,Yuen Pau Woo,Senator,Yuen Pau Woo,Senator
421390,2018-02-08,Yuen Pau Woo,Senator,1,Yuen Pau Woo,Senator,Yuen Pau Woo,Senator
424757,2018-04-18,Yuen Pau Woo,Senator,1,Yuen Pau Woo,Senator,Yuen Pau Woo,Senator
425650,2018-04-22,Yuen Pau Woo,Senator,1,Yuen Pau Woo,Senator,Yuen Pau Woo,Senator
427232,2018-05-08,Yuen Pau Woo,Senator,1,Yuen Pau Woo,Senator,Yuen Pau Woo,Senator
428173,2018-05-08,Yuen Pau Woo,Senator,1,Yuen Pau Woo,Senator,Yuen Pau Woo,Senator
429505,2018-05-23,Yuen Pau Woo,Senator,1,Yuen Pau Woo,Senator,Yuen Pau Woo,Senator
432590,2018-07-31,Yuen Pau Woo,Senator,1,Yuen Pau Woo,Senator,Yuen Pau Woo,Senator
433563,2018-08-02,Yuen Pau Woo,Senator,1,Yuen Pau Woo,Senator,Yuen Pau Woo,Senator
433799,2018-08-17,Yuen Pau Woo,Senator,1,Yuen Pau Woo,Senator,Yuen Pau Woo,Senator
435073,2018-09-19,Yuen Pau Woo,Senator,1,Yuen Pau Woo,Senator,Yuen Pau Woo,Senator
435288,2018-09-19,Yuen Pau Woo,Senator,1,Yuen Pau Woo,Senator,Yuen Pau Woo,Senator
435632,2018-09-19,Yuen Pau Woo,Senator,1,Yuen Pau Woo,Senator,Yuen Pau Woo,Senator
436061,2018-09-19,Yuen Pau Woo,Senator,1,Yuen Pau Woo,Senator,Yuen Pau Woo,Senator
435014,2018-09-20,Yuen Pau Woo,Senator,1,Yuen Pau Woo,Senator,Yuen Pau Woo,Senator
434863,2018-09-27,Yuen Pau Woo,Senator,1,Yuen Pau Woo,Senator,Yuen Pau Woo,Senator
435987,2018-09-27,Yuen Pau Woo,Senator,1,Yuen Pau Woo,Senator,Yuen Pau Woo,Senator
436392,2018-10-18,Yuen Pau Woo,Senator,1,Yuen Pau Woo,Senator,Yuen Pau Woo,Senator
441573,2018-11-27,Yuen Pau Woo,Senator,1,Yuen Pau Woo,Senator,Yuen Pau Woo,Senator
445537,2019-01-24,Yuen Pau Woo,Senator,1,Yuen Pau Woo,Senator,Yuen Pau Woo,Senator
446744,2019-02-08,Yuen Pau Woo,Senator,1,Yuen Pau Woo,Senator,Yuen Pau Woo,Senator
449219,2019-03-29,Yuen Pau Woo,Senator,1,Yuen Pau Woo,Senator,Yuen Pau Woo,Senator
449393,2019-03-29,Yuen Pau Woo,Senator,1,Yuen Pau Woo,Senator,Yuen Pau Woo,Senator
450140,2019-03-29,Yuen Pau Woo,Senator,1,Yuen Pau Woo,Senator,Yuen Pau Woo,Senator
450277,2019-03-29,Yuen Pau Woo,Senator,1,Yuen Pau Woo,Senator,Yuen Pau Woo,Senator
450368,2019-03-29,Yuen Pau Woo,Senator,1,Yuen Pau Woo,Senator,Yuen Pau Woo,Senator
452447,2019-04-23,Yuen Pau Woo,Senator,1,Yuen Pau Woo,Senator,Yuen Pau Woo,Senator
455148,2019-05-01,Yuen Pau Woo,Senator,1,Yuen Pau Woo,Senator,Yuen Pau Woo,Senator
458786,2019-07-18,Yuen Pau Woo,Senator,1,Yuen Pau Woo,Senator,Yuen Pau Woo,Senator
465592,2020-02-20,Yuen Pau Woo,Senator,1,Yuen Pau Woo,Senator,Yuen Pau Woo,Senator
475055,2020-05-12,Yuen Pau Woo,Senator,1,Yuen Pau Woo,Senator,Yuen Pau Woo,Senator
476215,2020-06-08,Yuen Pau Woo,Senator,1,Yuen Pau Woo,Senator,Yuen Pau Woo,Senator
485526,2020-10-20,Yuen Pau Woo,Senator,1,Yuen Pau Woo,Senator,Yuen Pau Woo,Senator
488795,2020-11-16,Yuen Pau Woo,Senator,1,Yuen Pau Woo,Senator,Yuen Pau Woo,Senator
489957,2020-11-16,Yuen Pau Woo,Senator,1,Yuen Pau Woo,Senator,Yuen Pau Woo,Senator
490084,2020-11-16,Yuen Pau Woo,Senator,1,Yuen Pau Woo,Senator,Yuen Pau Woo,Senator
492730,2020-12-08,Yuen Pau Woo,Senator,1,Yuen Pau Woo,Senator,Yuen Pau Woo,Senator
493995,2021-01-14,Yuen Pau Woo,Senator,1,Yuen Pau Woo,Senator,Yuen Pau Woo,Senator
494516,2021-01-20,Yuen Pau Woo,Senator,1,Yuen Pau Woo,Senator,Yuen Pau Woo,Senator
497023,2021-01-20,Yuen Pau Woo,Senator,1,Yuen Pau Woo,Senator,Yuen Pau Woo,Senator
496265,2021-01-28,Yuen Pau Woo,Senator,1,Yuen Pau Woo,Senator,Yuen Pau Woo,Senator
496782,2021-02-25,Yuen Pau Woo,Senator,1,Yuen Pau Woo,Senator,Yuen Pau Woo,Senator
496787,2021-02-25,Yuen Pau Woo,Senator,1,Yuen Pau Woo,Senator,Yuen Pau Woo,Senator
496790,2021-02-25,Yuen Pau Woo,Senator,1,Yuen Pau Woo,Senator,Yuen Pau Woo,Senator
502886,2021-03-04,Yuen Pau Woo,Senator,1,Yuen Pau Woo,Senator,Yuen Pau Woo,Senator
501173,2021-04-07,Yuen Pau Woo,Senator,1,Yuen Pau Woo,Senator,Yuen Pau Woo,Senator
504913,2021-04-15,Yuen Pau Woo,Senator,1,Yuen Pau Woo,Senator,Yuen Pau Woo,Senator
508399,2021-05-03,Yuen Pau Woo,Senator,1,Yuen Pau Woo,Senator,Yuen Pau Woo,Senator
509041,2021-06-03,Yuen Pau Woo,Senator,1,Yuen Pau Woo,Senator,Yuen Pau Woo,Senator
509788,2021-06-03,Yuen Pau Woo,Senator,1,Yuen Pau Woo,Senator,Yuen Pau Woo,Senator
513627,2021-06-07,Yuen Pau Woo,Senator,1,Yuen Pau Woo,Senator,Yuen Pau Woo,Senator
532632,2022-05-10,Yuen Pau Woo,Senator,1,Yuen Pau Woo,Senator,Yuen Pau Woo,Senator
540957,2022-08-16,Yuen Pau Woo,Senator,1,Yuen Pau Woo,Senator,Yuen Pau Woo,Senator
542622,2022-09-06,Yuen Pau Woo,Senator,1,Yuen Pau Woo,Senator,Yuen Pau Woo,Senator
542413,2022-09-26,Yuen Pau Woo,Senator,1,Yuen Pau Woo,Senator,Yuen Pau Woo,Senator
543548,2022-09-27,Yuen Pau Woo,Senator,1,Yuen Pau Woo,Senator,Yuen Pau Woo,Senator
545545,2022-10-27,Yuen Pau Woo,Senator,1,Yuen Pau Woo,Senator,Yuen Pau Woo,Senator
547150,2022-10-27,Yuen Pau Woo,Senator,1,Yuen Pau Woo,Senator,Yuen Pau Woo,Senator
550253,2022-11-16,Yuen Pau Woo,Senator,1,Yuen Pau Woo,Senator,Yuen Pau Woo,Senator
556194,2023-01-23,Yuen Pau Woo,Senator,1,Yuen Pau Woo,Senator,Yuen Pau Woo,Senator
562060,2023-03-08,Yuen Pau Woo,Senator,1,Yuen Pau Woo,Senator,Yuen Pau Woo,Senator
561049,2023-03-20,Yuen Pau Woo,Senator,1,Yuen Pau Woo,Senator,Yuen Pau Woo,Senator
561062,2023-03-20,Yuen Pau Woo,Senator,1,Yuen Pau Woo,Senator,Yuen Pau Woo,Senator
563281,2023-03-20,Yuen Pau Woo,Senator,1,Yuen Pau Woo,Senator,Yuen Pau Woo,Senator
562827,2023-04-04,Yuen Pau Woo,Senator,1,Yuen Pau Woo,Senator,Yuen Pau Woo,Senator
568250,2023-05-02,Yuen Pau Woo,Senator,1,Yuen Pau Woo,Senator,Yuen Pau Woo,Senator
569987,2023-05-02,Yuen Pau Woo,Senator,1,Yuen Pau Woo,Senator,Yuen Pau Woo,Senator
567238,2023-05-18,Yuen Pau Woo,Senator,1,Yuen Pau Woo,Senator,Yuen Pau Woo,Senator
579259,2023-09-21,Yuen Pau Woo,Senator,1,Yuen Pau Woo,Senator,Yuen Pau Woo,Senator
577171,2023-09-22,Yuen Pau Woo,Senator,1,Yuen Pau Woo,Senator,Yuen Pau Woo,Senator
577461,2023-09-22,Yuen Pau Woo,Senator,1,Yuen Pau Woo,Senator,Yuen Pau Woo,Senator
578329,2023-09-22,Yuen Pau Woo,Senator,1,Yuen Pau Woo,Senator,Yuen Pau Woo,Senator
578640,2023-09-22,Yuen Pau Woo,Senator,1,Yuen Pau Woo,Senator,Yuen Pau Woo,Senator
578858,2023-09-22,Yuen Pau Woo,Senator,1,Yuen Pau Woo,Senator,Yuen Pau Woo,Senator
583542,2023-10-03,Yuen Pau Woo,Senator,1,Yuen Pau Woo,Senator,Yuen Pau Woo,Senator
588454,2023-11-15,Yuen Pau Woo,Senator,1,Yuen Pau Woo,Senator,Yuen Pau Woo,Senator
585986,2023-11-28,Yuen Pau Woo,Senator,1,Yuen Pau Woo,Senator,Yuen Pau Woo,Senator
585987,2023-11-28,Yuen Pau Woo,Senator,1,Yuen Pau Woo,Senator,Yuen Pau Woo,Senator
589212,2023-11-28,Yuen Pau Woo,Senator,1,Yuen Pau Woo,Senator,Yuen Pau Woo,Senator
591730,2024-01-15,Yuen Pau Woo,Senator,1,Yuen Pau Woo,Senator,Yuen Pau Woo,Senator
597318,2024-02-12,Yuen Pau Woo,Senator,1,Yuen Pau Woo,Senator,Yuen Pau Woo,Senator
595023,2024-02-20,Yuen Pau Woo,Senator,1,Yuen Pau Woo,Senator,Yuen Pau Woo,Senator
594768,2024-02-29,Yuen Pau Woo,Senator,1,Yuen Pau Woo,Senator,Yuen Pau Woo,Senator
595268,2024-02-29,Yuen Pau Woo,Senator,1,Yuen Pau Woo,Senator,Yuen Pau Woo,Senator
595482,2024-02-29,Yuen Pau Woo,Senator,1,Yuen Pau Woo,Senator,Yuen Pau Woo,Senator
595530,2024-02-29,Yuen Pau Woo,Senator,1,Yuen Pau Woo,Senator,Yuen Pau Woo,Senator
597173,2024-02-29,Yuen Pau Woo,Senator,1,Yuen Pau Woo,Senator,Yuen Pau Woo,Senator
597740,2024-02-29,Yuen Pau Woo,Senator,1,Yuen Pau Woo,Senator,Yuen Pau Woo,Senator
598147,2024-02-29,Yuen Pau Woo,Senator,1,Yuen Pau Woo,Senator,Yuen Pau Woo,Senator
601280,2024-03-28,Yuen Pau Woo,Senator,1,Yuen Pau Woo,Senator,Yuen Pau Woo,Senator
602241,2024-04-15,Yuen Pau Woo,Senator,1,Yuen Pau Woo,Senator,Yuen Pau Woo,Senator
608369,2024-05-01,Yuen Pau Woo,Senator,1,Yuen Pau Woo,Senator,Yuen Pau Woo,Senator
614141,2024-05-06,Yuen Pau Woo,Senator,1,Yuen Pau Woo,Senator,Yuen Pau Woo,Senator
606271,2024-05-14,Yuen Pau Woo,Senator,1,Yuen Pau Woo,Senator,Yuen Pau Woo,Senator
610158,2024-06-12,Yuen Pau Woo,Senator,1,Yuen Pau Woo,Senator,Yuen Pau Woo,Senator
611348,2024-06-26,Yuen Pau Woo,Senator,1,Yuen Pau Woo,Senator,Yuen Pau Woo,Senator
614080,2024-08-21,Yuen Pau Woo,Senator,1,Yuen Pau Woo,Senator,Yuen Pau Woo,Senator
621124,2024-10-15,Yuen Pau Woo,Senator,1,Yuen Pau Woo,Senator,Yuen Pau Woo,Senator
619264,2024-10-28,Yuen Pau Woo,Senator,1,Yuen Pau Woo,Senator,Yuen Pau Woo,Senator
621833,2024-11-04,Yuen Pau Woo,Senator,1,Yuen Pau Woo,Senator,Yuen Pau Woo,Senator
625635,2024-11-27,Yuen Pau Woo,Senator,1,Yuen Pau Woo,Senator,Yuen Pau Woo,Senator
624514,2024-11-29,Yuen Pau Woo,Senator,1,Yuen Pau Woo,Senator,Yuen Pau Woo,Senator
633373,2025-02-07,Yuen Pau Woo,Senator,1,Yuen Pau Woo,Senator,Yuen Pau Woo,Senator
630748,2025-02-11,Yuen Pau Woo,Senator,1,Yuen Pau Woo,Senator,Yuen Pau Woo,Senator
632462,2025-02-12,Yuen Pau Woo,Senator,1,Yuen Pau Woo,Senator,Yuen Pau Woo,Senator
633367,2025-02-25,Yuen Pau Woo,Senator,1,Yuen Pau Woo,Senator,Yuen Pau Woo,Senator
635520,2025-04-14,Yuen Pau Woo,Senator,1,Yuen Pau Woo,Senator,Yuen Pau Woo,Senator
636240,2025-05-22,Yuen Pau Woo,Senator,1,Yuen Pau Woo,Senator,Yuen Pau Woo,Senator
636784,2025-05-29,Yuen Pau Woo,Senator,1,Yuen Pau Woo,Senator,Yuen Pau Woo,Senator
636370,2025-06-04,Yuen Pau Woo,Senator,1,Yuen Pau Woo,Senator,Yuen Pau Woo,Senator
636916,2025-06-11,Yuen Pau Woo,Senator,1,Yuen Pau Woo,Senator,Yuen Pau Woo,Senator
488051,2020-10-31,Yummy Han,Special Assistant to the Minister,1,Yummy Han,Special Assistant to the Minister,Yummy Han,Special Assistant to the Minister
172750,2011-05-31,Yuriv Shelkovyy,"Researcher, NDP Caucus Services",1,Yuriv Shelkovyy,"Researcher, NDP Caucus Services",Yuriv Shelkovyy,"Researcher, NDP Caucus Services"
457504,2019-06-13,Yury Mardak,Trade Commissioner,1,Yury Mardak,Trade Commissioner,Yury Mardak,Trade Commissioner
553978,2022-12-07,Yuval Daniel,Parliamentary Assistant,1,Yuval Daniel,Parliamentary Assistant,Yuval Daniel,Policy Advisor
605259,2024-05-16,Yuval Daniel,Policy Advisor,1,Yuval Daniel,Policy Advisor,Yuval Daniel,Policy Advisor
605260,2024-05-16,Yuval Daniel,"Policy Advisor, Mental Health and Addictions",1,Yuval Daniel,"Policy Advisor, Mental Health and Addictions",Yuval Daniel,Policy Advisor
603559,2024-04-23,Yuval Daniel  ,Press Secretary and Issues Advisor,1,Yuval Daniel,Press Secretary and Issues Advisor,Yuval Daniel,Policy Advisor
595217,2024-02-22,Yvan  Baker,Member of Parliament,1,Yvan Baker,Member of Parliament,Yvan Baker,Member of Parliament
461128,2019-11-18,Yvan Baker,Member of Parliament,1,Yvan Baker,Member of Parliament,Yvan Baker,Member of Parliament
461016,2019-11-29,Yvan Baker,Member of Parliament,1,Yvan Baker,Member of Parliament,Yvan Baker,Member of Parliament
475594,2020-05-15,Yvan Baker,Member of Parliament,1,Yvan Baker,Member of Parliament,Yvan Baker,Member of Parliament
475565,2020-05-19,Yvan Baker,Member of Parliament,1,Yvan Baker,Member of Parliament,Yvan Baker,Member of Parliament
475605,2020-05-28,Yvan Baker,Member of Parliament,1,Yvan Baker,Member of Parliament,Yvan Baker,Member of Parliament
474597,2020-06-08,Yvan Baker,Member of Parliament,1,Yvan Baker,Member of Parliament,Yvan Baker,Member of Parliament
476395,2020-06-08,Yvan Baker,Member of Parliament,1,Yvan Baker,Member of Parliament,Yvan Baker,Member of Parliament
476397,2020-06-08,Yvan Baker,Member of Parliament,1,Yvan Baker,Member of Parliament,Yvan Baker,Member of Parliament
477372,2020-06-16,Yvan Baker,Member of Parliament,1,Yvan Baker,Member of Parliament,Yvan Baker,Member of Parliament
477575,2020-06-16,Yvan Baker,Member of Parliament,1,Yvan Baker,Member of Parliament,Yvan Baker,Member of Parliament
478892,2020-06-29,Yvan Baker,Member of Parliament,1,Yvan Baker,Member of Parliament,Yvan Baker,Member of Parliament
479690,2020-07-06,Yvan Baker,Member of Parliament,1,Yvan Baker,Member of Parliament,Yvan Baker,Member of Parliament
478520,2020-07-21,Yvan Baker,Member of Parliament,1,Yvan Baker,Member of Parliament,Yvan Baker,Member of Parliament
480911,2020-08-31,Yvan Baker,Member of Parliament,1,Yvan Baker,Member of Parliament,Yvan Baker,Member of Parliament
481313,2020-08-31,Yvan Baker,Member of Parliament,1,Yvan Baker,Member of Parliament,Yvan Baker,Member of Parliament
482040,2020-08-31,Yvan Baker,Member of Parliament,1,Yvan Baker,Member of Parliament,Yvan Baker,Member of Parliament
481741,2020-09-14,Yvan Baker,Member of Parliament,1,Yvan Baker,Member of Parliament,Yvan Baker,Member of Parliament
483870,2020-09-14,Yvan Baker,Member of Parliament,1,Yvan Baker,Member of Parliament,Yvan Baker,Member of Parliament
485423,2020-09-14,Yvan Baker,Member of Parliament,1,Yvan Baker,Member of Parliament,Yvan Baker,Member of Parliament
483593,2020-09-24,Yvan Baker,Member of Parliament,1,Yvan Baker,Member of Parliament,Yvan Baker,Member of Parliament
483018,2020-09-29,Yvan Baker,Member of Parliament,1,Yvan Baker,Member of Parliament,Yvan Baker,Member of Parliament
487330,2020-10-02,Yvan Baker,Member of Parliament,1,Yvan Baker,Member of Parliament,Yvan Baker,Member of Parliament
483511,2020-10-05,Yvan Baker,Member of Parliament,1,Yvan Baker,Member of Parliament,Yvan Baker,Member of Parliament
484829,2020-10-15,Yvan Baker,Member of Parliament,1,Yvan Baker,Member of Parliament,Yvan Baker,Member of Parliament
487419,2020-10-15,Yvan Baker,Member of Parliament,1,Yvan Baker,Member of Parliament,Yvan Baker,Member of Parliament
487842,2020-10-20,Yvan Baker,Member of Parliament,1,Yvan Baker,Member of Parliament,Yvan Baker,Member of Parliament
497472,2020-11-02,Yvan Baker,Member of Parliament,1,Yvan Baker,Member of Parliament,Yvan Baker,Member of Parliament
491060,2020-11-09,Yvan Baker,Member of Parliament,1,Yvan Baker,Member of Parliament,Yvan Baker,Member of Parliament
488577,2020-11-18,Yvan Baker,Member of Parliament,1,Yvan Baker,Member of Parliament,Yvan Baker,Member of Parliament
488581,2020-11-18,Yvan Baker,Member of Parliament,1,Yvan Baker,Member of Parliament,Yvan Baker,Member of Parliament
489494,2020-11-24,Yvan Baker,Member of Parliament,1,Yvan Baker,Member of Parliament,Yvan Baker,Member of Parliament
489913,2020-11-24,Yvan Baker,Member of Parliament,1,Yvan Baker,Member of Parliament,Yvan Baker,Member of Parliament
488728,2020-11-25,Yvan Baker,Member of Parliament,1,Yvan Baker,Member of Parliament,Yvan Baker,Member of Parliament
491710,2020-11-25,Yvan Baker,Member of Parliament,1,Yvan Baker,Member of Parliament,Yvan Baker,Member of Parliament
495220,2021-01-18,Yvan Baker,Member of Parliament,1,Yvan Baker,Member of Parliament,Yvan Baker,Member of Parliament
494523,2021-02-05,Yvan Baker,Member of Parliament,1,Yvan Baker,Member of Parliament,Yvan Baker,Member of Parliament
499341,2021-02-16,Yvan Baker,Member of Parliament,1,Yvan Baker,Member of Parliament,Yvan Baker,Member of Parliament
496912,2021-02-17,Yvan Baker,Member of Parliament,1,Yvan Baker,Member of Parliament,Yvan Baker,Member of Parliament
499625,2021-02-18,Yvan Baker,Member of Parliament,1,Yvan Baker,Member of Parliament,Yvan Baker,Member of Parliament
497335,2021-02-23,Yvan Baker,Member of Parliament,1,Yvan Baker,Member of Parliament,Yvan Baker,Member of Parliament
498677,2021-02-23,Yvan Baker,Member of Parliament,1,Yvan Baker,Member of Parliament,Yvan Baker,Member of Parliament
497214,2021-03-02,Yvan Baker,Member of Parliament,1,Yvan Baker,Member of Parliament,Yvan Baker,Member of Parliament
500734,2021-03-02,Yvan Baker,Member of Parliament,1,Yvan Baker,Member of Parliament,Yvan Baker,Member of Parliament
502219,2021-03-29,Yvan Baker,Member of Parliament,1,Yvan Baker,Member of Parliament,Yvan Baker,Member of Parliament
502473,2021-03-31,Yvan Baker,Member of Parliament,1,Yvan Baker,Member of Parliament,Yvan Baker,Member of Parliament
505808,2021-04-29,Yvan Baker,Member of Parliament,1,Yvan Baker,Member of Parliament,Yvan Baker,Member of Parliament
510609,2021-06-01,Yvan Baker,Member of Parliament,1,Yvan Baker,Member of Parliament,Yvan Baker,Member of Parliament
511279,2021-06-22,Yvan Baker,Member of Parliament,1,Yvan Baker,Member of Parliament,Yvan Baker,Member of Parliament
509730,2021-06-24,Yvan Baker,Member of Parliament,1,Yvan Baker,Member of Parliament,Yvan Baker,Member of Parliament
511281,2021-06-24,Yvan Baker,Member of Parliament,1,Yvan Baker,Member of Parliament,Yvan Baker,Member of Parliament
512143,2021-07-19,Yvan Baker,Member of Parliament,1,Yvan Baker,Member of Parliament,Yvan Baker,Member of Parliament
516171,2021-11-10,Yvan Baker,Member of Parliament,1,Yvan Baker,Member of Parliament,Yvan Baker,Member of Parliament
518012,2021-11-10,Yvan Baker,Member of Parliament,1,Yvan Baker,Member of Parliament,Yvan Baker,Member of Parliament
517736,2021-11-17,Yvan Baker,Member of Parliament,1,Yvan Baker,Member of Parliament,Yvan Baker,Member of Parliament
518229,2021-11-23,Yvan Baker,Member of Parliament,1,Yvan Baker,Member of Parliament,Yvan Baker,Member of Parliament
518441,2021-12-16,Yvan Baker,Member of Parliament,1,Yvan Baker,Member of Parliament,Yvan Baker,Member of Parliament
520304,2021-12-16,Yvan Baker,Member of Parliament,1,Yvan Baker,Member of Parliament,Yvan Baker,Member of Parliament
526441,2022-02-07,Yvan Baker,Member of Parliament,1,Yvan Baker,Member of Parliament,Yvan Baker,Member of Parliament
526705,2022-02-07,Yvan Baker,Member of Parliament,1,Yvan Baker,Member of Parliament,Yvan Baker,Member of Parliament
525710,2022-02-10,Yvan Baker,Member of Parliament,1,Yvan Baker,Member of Parliament,Yvan Baker,Member of Parliament
526247,2022-02-23,Yvan Baker,Member of Parliament,1,Yvan Baker,Member of Parliament,Yvan Baker,Member of Parliament
526850,2022-02-23,Yvan Baker,Member of Parliament,1,Yvan Baker,Member of Parliament,Yvan Baker,Member of Parliament
527101,2022-02-23,Yvan Baker,Member of Parliament,1,Yvan Baker,Member of Parliament,Yvan Baker,Member of Parliament
527137,2022-02-23,Yvan Baker,Member of Parliament,1,Yvan Baker,Member of Parliament,Yvan Baker,Member of Parliament
524171,2022-02-24,Yvan Baker,Member of Parliament,1,Yvan Baker,Member of Parliament,Yvan Baker,Member of Parliament
527545,2022-03-18,Yvan Baker,Member of Parliament,1,Yvan Baker,Member of Parliament,Yvan Baker,Member of Parliament
529338,2022-03-25,Yvan Baker,Member of Parliament,1,Yvan Baker,Member of Parliament,Yvan Baker,Member of Parliament
530362,2022-04-04,Yvan Baker,Member of Parliament,1,Yvan Baker,Member of Parliament,Yvan Baker,Member of Parliament
531036,2022-04-14,Yvan Baker,Member of Parliament,1,Yvan Baker,Member of Parliament,Yvan Baker,Member of Parliament
531554,2022-04-14,Yvan Baker,Member of Parliament,1,Yvan Baker,Member of Parliament,Yvan Baker,Member of Parliament
532493,2022-04-19,Yvan Baker,Member of Parliament,1,Yvan Baker,Member of Parliament,Yvan Baker,Member of Parliament
530788,2022-04-25,Yvan Baker,Member of Parliament,1,Yvan Baker,Member of Parliament,Yvan Baker,Member of Parliament
532944,2022-04-26,Yvan Baker,Member of Parliament,1,Yvan Baker,Member of Parliament,Yvan Baker,Member of Parliament
534542,2022-05-04,Yvan Baker,"Chargé d'Affaires, Embassy of Canada in France",1,Yvan Baker,"Chargé d'Affaires, Embassy of Canada in France",Yvan Baker,Member of Parliament
534766,2022-05-27,Yvan Baker,Member of Parliament,1,Yvan Baker,Member of Parliament,Yvan Baker,Member of Parliament
533010,2022-05-31,Yvan Baker,Member of Parliament,1,Yvan Baker,Member of Parliament,Yvan Baker,Member of Parliament
533673,2022-05-31,Yvan Baker,Member of Parliament,1,Yvan Baker,Member of Parliament,Yvan Baker,Member of Parliament
536423,2022-06-06,Yvan Baker,Member of Parliament,1,Yvan Baker,Member of Parliament,Yvan Baker,Member of Parliament
536574,2022-06-14,Yvan Baker,Member of Parliament,1,Yvan Baker,Member of Parliament,Yvan Baker,Member of Parliament
536928,2022-06-30,Yvan Baker,Member of Parliament,1,Yvan Baker,Member of Parliament,Yvan Baker,Member of Parliament
540293,2022-08-15,Yvan Baker,Member of Parliament,1,Yvan Baker,Member of Parliament,Yvan Baker,Member of Parliament
540652,2022-08-25,Yvan Baker,Member of Parliament,1,Yvan Baker,Member of Parliament,Yvan Baker,Member of Parliament
540983,2022-09-06,Yvan Baker,Member of Parliament,1,Yvan Baker,Member of Parliament,Yvan Baker,Member of Parliament
541866,2022-09-06,Yvan Baker,Member of Parliament,1,Yvan Baker,Member of Parliament,Yvan Baker,Member of Parliament
543020,2022-09-26,Yvan Baker,Member of Parliament,1,Yvan Baker,Member of Parliament,Yvan Baker,Member of Parliament
544898,2022-10-04,Yvan Baker,Member of Parliament,1,Yvan Baker,Member of Parliament,Yvan Baker,Member of Parliament
547742,2022-10-04,Yvan Baker,Member of Parliament,1,Yvan Baker,Member of Parliament,Yvan Baker,Member of Parliament
545018,2022-10-05,Yvan Baker,Member of Parliament,1,Yvan Baker,Member of Parliament,Yvan Baker,Member of Parliament
544396,2022-10-17,Yvan Baker,Member of Parliament,1,Yvan Baker,Member of Parliament,Yvan Baker,Member of Parliament
544398,2022-10-17,Yvan Baker,Member of Parliament,1,Yvan Baker,Member of Parliament,Yvan Baker,Member of Parliament
544873,2022-10-17,Yvan Baker,Member of Parliament,1,Yvan Baker,Member of Parliament,Yvan Baker,Member of Parliament
547097,2022-10-18,Yvan Baker,Member of Parliament,1,Yvan Baker,Member of Parliament,Yvan Baker,Member of Parliament
546623,2022-10-25,Yvan Baker,Member of Parliament,1,Yvan Baker,Member of Parliament,Yvan Baker,Member of Parliament
548878,2022-11-01,Yvan Baker,Member of Parliament,1,Yvan Baker,Member of Parliament,Yvan Baker,Member of Parliament
549488,2022-11-10,Yvan Baker,Member of Parliament,1,Yvan Baker,Member of Parliament,Yvan Baker,Member of Parliament
546020,2022-11-11,Yvan Baker,Member of Parliament,1,Yvan Baker,Member of Parliament,Yvan Baker,Member of Parliament
549478,2022-11-15,Yvan Baker,Member of Parliament,1,Yvan Baker,Member of Parliament,Yvan Baker,Member of Parliament
552059,2022-11-16,Yvan Baker,Member of Parliament,1,Yvan Baker,Member of Parliament,Yvan Baker,Member of Parliament
548718,2022-11-17,Yvan Baker,Member of Parliament,1,Yvan Baker,Member of Parliament,Yvan Baker,Member of Parliament
549888,2022-11-29,Yvan Baker,Member of Parliament,1,Yvan Baker,Member of Parliament,Yvan Baker,Member of Parliament
550142,2022-11-29,Yvan Baker,Member of Parliament,1,Yvan Baker,Member of Parliament,Yvan Baker,Member of Parliament
551928,2022-11-29,Yvan Baker,Member of Parliament,1,Yvan Baker,Member of Parliament,Yvan Baker,Member of Parliament
552637,2022-12-05,Yvan Baker,Member of Parliament,1,Yvan Baker,Member of Parliament,Yvan Baker,Member of Parliament
553337,2022-12-05,Yvan Baker,Member of Parliament,1,Yvan Baker,Member of Parliament,Yvan Baker,Member of Parliament
551396,2022-12-14,Yvan Baker,Member of Parliament,1,Yvan Baker,Member of Parliament,Yvan Baker,Member of Parliament
554131,2022-12-15,Yvan Baker,Member of Parliament,1,Yvan Baker,Member of Parliament,Yvan Baker,Member of Parliament
553363,2023-01-12,Yvan Baker,Member of Parliament,1,Yvan Baker,Member of Parliament,Yvan Baker,Member of Parliament
553513,2023-01-12,Yvan Baker,Member of Parliament,1,Yvan Baker,Member of Parliament,Yvan Baker,Member of Parliament
554856,2023-01-12,Yvan Baker,Member of Parliament,1,Yvan Baker,Member of Parliament,Yvan Baker,Member of Parliament
557057,2023-02-06,Yvan Baker,Member of Parliament,1,Yvan Baker,Member of Parliament,Yvan Baker,Member of Parliament
561127,2023-03-23,Yvan Baker,Member of Parliament,1,Yvan Baker,Member of Parliament,Yvan Baker,Member of Parliament
562286,2023-03-23,Yvan Baker,Member of Parliament,1,Yvan Baker,Member of Parliament,Yvan Baker,Member of Parliament
563098,2023-04-06,Yvan Baker,Member of Parliament,1,Yvan Baker,Member of Parliament,Yvan Baker,Member of Parliament
566712,2023-04-25,Yvan Baker,Member of Parliament,1,Yvan Baker,Member of Parliament,Yvan Baker,Member of Parliament
567407,2023-05-02,Yvan Baker,Member of Parliament,1,Yvan Baker,Member of Parliament,Yvan Baker,Member of Parliament
566552,2023-05-15,Yvan Baker,Member of Parliament,1,Yvan Baker,Member of Parliament,Yvan Baker,Member of Parliament
568117,2023-05-15,Yvan Baker,Member of Parliament,1,Yvan Baker,Member of Parliament,Yvan Baker,Member of Parliament
569642,2023-05-17,Yvan Baker,Member of Parliament,1,Yvan Baker,Member of Parliament,Yvan Baker,Member of Parliament
570063,2023-05-31,Yvan Baker,Member of Parliament,1,Yvan Baker,Member of Parliament,Yvan Baker,Member of Parliament
572513,2023-06-01,Yvan Baker,Member of Parliament,1,Yvan Baker,Member of Parliament,Yvan Baker,Member of Parliament
570415,2023-06-15,Yvan Baker,Member of Parliament,1,Yvan Baker,Member of Parliament,Yvan Baker,Member of Parliament
572153,2023-06-15,Yvan Baker,Member of Parliament,1,Yvan Baker,Member of Parliament,Yvan Baker,Member of Parliament
571046,2023-06-28,Yvan Baker,Member of Parliament,1,Yvan Baker,Member of Parliament,Yvan Baker,Member of Parliament
573579,2023-07-05,Yvan Baker,Member of Parliament,1,Yvan Baker,Member of Parliament,Yvan Baker,Member of Parliament
573969,2023-07-18,Yvan Baker,Member of Parliament,1,Yvan Baker,Member of Parliament,Yvan Baker,Member of Parliament
576744,2023-08-15,Yvan Baker,Member of Parliament,1,Yvan Baker,Member of Parliament,Yvan Baker,Member of Parliament
576878,2023-08-28,Yvan Baker,Member of Parliament,1,Yvan Baker,Member of Parliament,Yvan Baker,Member of Parliament
575486,2023-09-01,Yvan Baker,Member of Parliament,1,Yvan Baker,Member of Parliament,Yvan Baker,Member of Parliament
579204,2023-09-25,Yvan Baker,Member of Parliament,1,Yvan Baker,Member of Parliament,Yvan Baker,Member of Parliament
580518,2023-10-16,Yvan Baker,Member of Parliament,1,Yvan Baker,Member of Parliament,Yvan Baker,Member of Parliament
581590,2023-10-18,Yvan Baker,Member of Parliament,1,Yvan Baker,Member of Parliament,Yvan Baker,Member of Parliament
582363,2023-10-18,Yvan Baker,Member of Parliament,1,Yvan Baker,Member of Parliament,Yvan Baker,Member of Parliament
582429,2023-10-18,Yvan Baker,Member of Parliament,1,Yvan Baker,Member of Parliament,Yvan Baker,Member of Parliament
583362,2023-10-18,Yvan Baker,Member of Parliament,1,Yvan Baker,Member of Parliament,Yvan Baker,Member of Parliament
584750,2023-10-18,Yvan Baker,Member of Parliament,1,Yvan Baker,Member of Parliament,Yvan Baker,Member of Parliament
580416,2023-10-26,Yvan Baker,Member of Parliament,1,Yvan Baker,Member of Parliament,Yvan Baker,Member of Parliament
588714,2023-11-07,Yvan Baker,Member of Parliament,1,Yvan Baker,Member of Parliament,Yvan Baker,Member of Parliament
589996,2023-12-14,Yvan Baker,Member of Parliament,1,Yvan Baker,Member of Parliament,Yvan Baker,Member of Parliament
590996,2024-01-16,Yvan Baker,Member of Parliament,1,Yvan Baker,Member of Parliament,Yvan Baker,Member of Parliament
593436,2024-01-17,Yvan Baker,Member of Parliament,1,Yvan Baker,Member of Parliament,Yvan Baker,Member of Parliament
591812,2024-01-29,Yvan Baker,Member of Parliament,1,Yvan Baker,Member of Parliament,Yvan Baker,Member of Parliament
593804,2024-02-12,Yvan Baker,Member of Parliament,1,Yvan Baker,Member of Parliament,Yvan Baker,Member of Parliament
595649,2024-02-22,Yvan Baker,Member of Parliament,1,Yvan Baker,Member of Parliament,Yvan Baker,Member of Parliament
596369,2024-02-22,Yvan Baker,Member of Parliament,1,Yvan Baker,Member of Parliament,Yvan Baker,Member of Parliament
596522,2024-02-27,Yvan Baker,Member of Parliament,1,Yvan Baker,Member of Parliament,Yvan Baker,Member of Parliament
596710,2024-02-27,Yvan Baker,Member of Parliament,1,Yvan Baker,Member of Parliament,Yvan Baker,Member of Parliament
597116,2024-02-27,Yvan Baker,Member of Parliament,1,Yvan Baker,Member of Parliament,Yvan Baker,Member of Parliament
595212,2024-02-28,Yvan Baker,Member of Parliament,1,Yvan Baker,Member of Parliament,Yvan Baker,Member of Parliament
596989,2024-03-07,Yvan Baker,Member of Parliament,1,Yvan Baker,Member of Parliament,Yvan Baker,Member of Parliament
598537,2024-03-07,Yvan Baker,Member of Parliament,1,Yvan Baker,Member of Parliament,Yvan Baker,Member of Parliament
601182,2024-03-15,Yvan Baker,Member of Parliament,1,Yvan Baker,Member of Parliament,Yvan Baker,Member of Parliament
600038,2024-03-19,Yvan Baker,Member of Parliament,1,Yvan Baker,Member of Parliament,Yvan Baker,Member of Parliament
600705,2024-04-08,Yvan Baker,Member of Parliament,1,Yvan Baker,Member of Parliament,Yvan Baker,Member of Parliament
604029,2024-04-11,Yvan Baker,Member of Parliament,1,Yvan Baker,Member of Parliament,Yvan Baker,Member of Parliament
600922,2024-04-16,Yvan Baker,Member of Parliament,1,Yvan Baker,Member of Parliament,Yvan Baker,Member of Parliament
608283,2024-05-06,Yvan Baker,Member of Parliament,1,Yvan Baker,Member of Parliament,Yvan Baker,Member of Parliament
606129,2024-05-09,Yvan Baker,Member of Parliament,1,Yvan Baker,Member of Parliament,Yvan Baker,Member of Parliament
606168,2024-05-09,Yvan Baker,Member of Parliament,1,Yvan Baker,Member of Parliament,Yvan Baker,Member of Parliament
605271,2024-05-27,Yvan Baker,Member of Parliament,1,Yvan Baker,Member of Parliament,Yvan Baker,Member of Parliament
605583,2024-05-27,Yvan Baker,Member of Parliament,1,Yvan Baker,Member of Parliament,Yvan Baker,Member of Parliament
605784,2024-05-27,Yvan Baker,Member of Parliament,1,Yvan Baker,Member of Parliament,Yvan Baker,Member of Parliament
605794,2024-05-27,Yvan Baker,Member of Parliament,1,Yvan Baker,Member of Parliament,Yvan Baker,Member of Parliament
605786,2024-05-31,Yvan Baker,Member of Parliament,1,Yvan Baker,Member of Parliament,Yvan Baker,Member of Parliament
608339,2024-06-13,Yvan Baker,Member of Parliament,1,Yvan Baker,Member of Parliament,Yvan Baker,Member of Parliament
618473,2024-09-04,Yvan Baker,Member of Parliament,1,Yvan Baker,Member of Parliament,Yvan Baker,Member of Parliament
615408,2024-09-17,Yvan Baker,Member of Parliament,1,Yvan Baker,Member of Parliament,Yvan Baker,Member of Parliament
615369,2024-09-23,Yvan Baker,Member of Parliament,1,Yvan Baker,Member of Parliament,Yvan Baker,Member of Parliament
615371,2024-09-23,Yvan Baker,Member of Parliament,1,Yvan Baker,Member of Parliament,Yvan Baker,Member of Parliament
618250,2024-09-23,Yvan Baker,Member of Parliament,1,Yvan Baker,Member of Parliament,Yvan Baker,Member of Parliament
623521,2024-10-07,Yvan Baker,Member of Parliament,1,Yvan Baker,Member of Parliament,Yvan Baker,Member of Parliament
622393,2024-10-08,Yvan Baker,Member of Parliament,1,Yvan Baker,Member of Parliament,Yvan Baker,Member of Parliament
621857,2024-10-09,Yvan Baker,Member of Parliament,1,Yvan Baker,Member of Parliament,Yvan Baker,Member of Parliament
619885,2024-10-22,Yvan Baker,Member of Parliament,1,Yvan Baker,Member of Parliament,Yvan Baker,Member of Parliament
619562,2024-11-01,Yvan Baker,Member of Parliament,1,Yvan Baker,Member of Parliament,Yvan Baker,Member of Parliament
626554,2024-11-07,Yvan Baker,Member of Parliament,1,Yvan Baker,Member of Parliament,Yvan Baker,Member of Parliament
632474,2025-02-27,Yvan Baker,Member of Parliament,1,Yvan Baker,Member of Parliament,Yvan Baker,Member of Parliament
636619,2025-06-05,Yvan Baker,Member of Parliament,1,Yvan Baker,Member of Parliament,Yvan Baker,Member of Parliament
548481,2022-11-22,Yvan Barker,Member of Parliament,1,Yvan Barker,Member of Parliament,Yvan Baker,Member of Parliament
210267,2012-02-15,Yvan Blondin,Deputy Chief of the RCAF,1,Yvan Blondin,Deputy Chief of the RCAF,Yvan Blondin,"Chief, Air Force"
223447,2012-04-19,Yvan Blondin,General,1,Yvan Blondin,General,Yvan Blondin,"Chief, Air Force"
286251,2013-07-04,Yvan Blondin,"Commander, Royal Canadian Air Force | Chief of Air Staff",1,Yvan Blondin,"Commander, Royal Canadian Air Force | Chief of Air Staff",Yvan Blondin,"Chief, Air Force"
290831,2013-08-13,Yvan Blondin,"Chief, Air Force",1,Yvan Blondin,"Chief, Air Force",Yvan Blondin,"Chief, Air Force"
296180,2013-09-19,Yvan Blondin,"Chief, Air Force",1,Yvan Blondin,"Chief, Air Force",Yvan Blondin,"Chief, Air Force"
296189,2013-09-30,Yvan Blondin,"Chief, Air Force",1,Yvan Blondin,"Chief, Air Force",Yvan Blondin,"Chief, Air Force"
308889,2013-11-07,Yvan Blondin,Commander,1,Yvan Blondin,Commander,Yvan Blondin,"Chief, Air Force"
321912,2014-03-25,Yvan Blondin,"Chief of Staff, Air",1,Yvan Blondin,"Chief of Staff, Air",Yvan Blondin,"Chief, Air Force"
350566,2015-03-16,Yvan Blondin,"Commander, Royal Canadian Air Force",1,Yvan Blondin,"Commander, Royal Canadian Air Force",Yvan Blondin,"Chief, Air Force"
606141,2024-06-05,Yvan Chabot,Flight Technical Engineer,1,Yvan Chabot,Flight Technical Engineer,Yvan Chabot,Flight Technical Engineer
199839,2011-11-30,Yvan Déry,"Director General, Official Languages Support Program",1,Yvan Dery,"Director General, Official Languages Support Program",Yvan Dery,"Acting Director General, Official Languages Support Program"
208847,2012-01-11,Yvan Déry,"Director General, Official Languages Support Program",1,Yvan Dery,"Director General, Official Languages Support Program",Yvan Dery,"Acting Director General, Official Languages Support Program"
208850,2012-01-27,Yvan Déry,"Director General, Official Languages Support Program",1,Yvan Dery,"Director General, Official Languages Support Program",Yvan Dery,"Acting Director General, Official Languages Support Program"
208851,2012-01-30,Yvan Déry,"Director General, Official Languages Support Program",1,Yvan Dery,"Director General, Official Languages Support Program",Yvan Dery,"Acting Director General, Official Languages Support Program"
216389,2012-03-12,Yvan Déry,"Director General, Official Languages Support Program",1,Yvan Dery,"Director General, Official Languages Support Program",Yvan Dery,"Acting Director General, Official Languages Support Program"
226217,2012-05-17,Yvan Déry,"Acting Director General, Official Languages Support Program",1,Yvan Dery,"Acting Director General, Official Languages Support Program",Yvan Dery,"Acting Director General, Official Languages Support Program"
229534,2012-06-12,Yvan Déry,"Acting Director General, Official Languages Support Program",1,Yvan Dery,"Acting Director General, Official Languages Support Program",Yvan Dery,"Acting Director General, Official Languages Support Program"
229539,2012-06-20,Yvan Déry,"Acting Director General, Official Languages Support Program",1,Yvan Dery,"Acting Director General, Official Languages Support Program",Yvan Dery,"Acting Director General, Official Languages Support Program"
231769,2012-07-04,Yvan Déry,"Acting Director General, Official Languages Support Program",1,Yvan Dery,"Acting Director General, Official Languages Support Program",Yvan Dery,"Acting Director General, Official Languages Support Program"
231773,2012-07-20,Yvan Déry,"Acting Director General, Official Languages Support Program",1,Yvan Dery,"Acting Director General, Official Languages Support Program",Yvan Dery,"Acting Director General, Official Languages Support Program"
231775,2012-07-25,Yvan Déry,"Acting Director General, Official Languages Support Program",1,Yvan Dery,"Acting Director General, Official Languages Support Program",Yvan Dery,"Acting Director General, Official Languages Support Program"
240269,2012-09-13,Yvan Déry,"Acting Director General, Official Languages Support Programs",1,Yvan Dery,"Acting Director General, Official Languages Support Programs",Yvan Dery,"Acting Director General, Official Languages Support Program"
244634,2012-10-11,Yvan Déry,"Acting Director General, Official Languages Support Program",1,Yvan Dery,"Acting Director General, Official Languages Support Program",Yvan Dery,"Acting Director General, Official Languages Support Program"
258332,2013-01-30,Yvan Déry,"Director, Policy and Research",1,Yvan Dery,"Director, Policy and Research",Yvan Dery,"Acting Director General, Official Languages Support Program"
392926,2016-11-25,Yvan Déry,Senior Director,1,Yvan Dery,Senior Director,Yvan Dery,"Acting Director General, Official Languages Support Program"
389731,2016-11-30,Yvan Déry,Senior Director,1,Yvan Dery,Senior Director,Yvan Dery,"Acting Director General, Official Languages Support Program"
389994,2016-11-30,Yvan Déry,Senior Director,1,Yvan Dery,Senior Director,Yvan Dery,"Acting Director General, Official Languages Support Program"
392041,2016-12-08,Yvan Déry,Director,1,Yvan Dery,Director,Yvan Dery,"Acting Director General, Official Languages Support Program"
393060,2017-01-26,Yvan Déry,Senior Director,1,Yvan Dery,Senior Director,Yvan Dery,"Acting Director General, Official Languages Support Program"
393061,2017-01-26,Yvan Déry,Senior Director,1,Yvan Dery,Senior Director,Yvan Dery,"Acting Director General, Official Languages Support Program"
403667,2017-06-12,Yvan Déry,"Senior Director, Policy and Research",1,Yvan Dery,"Senior Director, Policy and Research",Yvan Dery,"Acting Director General, Official Languages Support Program"
424028,2018-03-06,Yvan Déry,"Senior Director, Policy and Research",1,Yvan Dery,"Senior Director, Policy and Research",Yvan Dery,"Acting Director General, Official Languages Support Program"
423460,2018-04-09,Yvan Déry,Senior Director,1,Yvan Dery,Senior Director,Yvan Dery,"Acting Director General, Official Languages Support Program"
158928,2010-10-21,Yvan Godin,Member of Parliament,1,Yvan Godin,Member of Parliament,Yvon Godin,Member of Parliament
195330,2011-11-15,Yvan Godin,Member of Parliament,1,Yvan Godin,Member of Parliament,Yvon Godin,Member of Parliament
206831,2012-01-27,Yvan M. Dery,"Director, Policy and Research",1,Yvan M. Dery,"Director, Policy and Research",Yvan M. Dery,"Director, Policy and Research"
215748,2012-03-20,Yvan M. Dery,"Director, Policy and Research",1,Yvan M. Dery,"Director, Policy and Research",Yvan M. Dery,"Director, Policy and Research"
456137,2019-05-31,Yves Bacon,"Assistant Comptroller General, Financial Management Transformation",1,Yves Bacon,"Assistant Comptroller General, Financial Management Transformation",Yves Bacon,"Assistant Comptroller General, Financial Management Transformation"
450703,2019-03-13,Yves Beaulieu,"Consul, Consulate General of Canada",1,Yves Beaulieu,"Consul, Consulate General of Canada",Yves Beaulieu,"Consul, Consulate General of Canada"
374338,2016-04-12,Yves Bourassa,Director,1,Yves Bourassa,Director,Yves Bourassa,Director
406551,2017-07-14,Yves Comeau,Director,1,Yves Comeau,Director,Yves Comeau,"Director, Communications"
411514,2017-10-21,Yves Comeau,"Director, Communications",1,Yves Comeau,"Director, Communications",Yves Comeau,"Director, Communications"
416908,2017-11-16,Yves Comeau,"Director, Communications",1,Yves Comeau,"Director, Communications",Yves Comeau,"Director, Communications"
443515,2018-12-19,Yves Cote,Commissioner of Canada Elections,1,Yves Cote,Commissioner of Canada Elections,Yves Cote,Commissioner of Canada Elections
103834,2009-04-30,Yves Côté,Associate Deputy Minister,1,Yves Cote,Associate Deputy Minister,Yves Cote,Commissioner of Canada Elections
145860,2010-03-25,Yves Côté,Deputy Minister,1,Yves Cote,Deputy Minister,Yves Cote,Commissioner of Canada Elections
212581,2012-02-29,yves Desjardins-Siciliano,General Counsel and Secretary,1,Yves Desjardins-siciliano,General Counsel and Secretary,Yves Desjardins-siciliano,President and Chief Executive Officer
302570,2013-11-08,Yves Desjardins-Siciliano,"Chief Corporate and Legal Officer, Corporate Secretary",1,Yves Desjardins-siciliano,"Chief Corporate and Legal Officer, Corporate Secretary",Yves Desjardins-siciliano,President and Chief Executive Officer
362380,2015-07-30,Yves Desjardins-Siciliano,President and Chief Executive Officer,1,Yves Desjardins-siciliano,President and Chief Executive Officer,Yves Desjardins-siciliano,President and Chief Executive Officer
372587,2016-02-02,Yves Desjardins-Siciliano,President and Chief Executive Officer,1,Yves Desjardins-siciliano,President and Chief Executive Officer,Yves Desjardins-siciliano,President and Chief Executive Officer
437632,2018-10-24,Yves Desjardins-Siciliano,President | Chief Executive Officer,1,Yves Desjardins-siciliano,President | Chief Executive Officer,Yves Desjardins-siciliano,President and Chief Executive Officer
405658,2017-06-21,Yves-Duclos Jean,Minister,1,Yves-duclos Jean,Minister,Yves-duclos Jean,Minister
80197,2008-08-26,Yves Duguay,"Vice President, Operations",1,Yves Duguay,"Vice President, Operations",Yves Duguay,"Senior Vice President, Operations"
105395,2009-04-24,Yves Duguay,"Senior Vice President, Operations",1,Yves Duguay,"Senior Vice President, Operations",Yves Duguay,"Senior Vice President, Operations"
197141,2011-11-09,Yves Duguay,"Senior Vice President, Operations",1,Yves Duguay,"Senior Vice President, Operations",Yves Duguay,"Senior Vice President, Operations"
341662,2014-11-10,Yves Dupras,"Regional Commissioner, Quebec",1,Yves Dupras,"Regional Commissioner, Quebec",Yves Dupras,"Advisor, Quebec"
440608,2018-11-19,Yves Dupras,"Commissioner, Quebec",1,Yves Dupras,"Commissioner, Quebec",Yves Dupras,"Advisor, Quebec"
448129,2019-02-18,Yves Dupras,"Advisor, Quebec",1,Yves Dupras,"Advisor, Quebec",Yves Dupras,"Advisor, Quebec"
488484,2020-11-17,Yves Dushimimana,Parliamentary Affairs Advisor,1,Yves Dushimimana,Parliamentary Affairs Advisor,Yves Dushimimana,"Senior Economist, Financial Institutions Division"
580964,2023-10-24,Yves Dushimimana,Senior Economist,1,Yves Dushimimana,Senior Economist,Yves Dushimimana,"Senior Economist, Financial Institutions Division"
581477,2023-10-24,Yves Dushimimana,"Senior Economist, Financial Institutions Division",1,Yves Dushimimana,"Senior Economist, Financial Institutions Division",Yves Dushimimana,"Senior Economist, Financial Institutions Division"
590120,2024-01-08,Yves Dushimimana,Analyst,1,Yves Dushimimana,Analyst,Yves Dushimimana,"Senior Economist, Financial Institutions Division"
607121,2024-05-08,Yves Dushimimana,Analyst | Economist,1,Yves Dushimimana,Analyst | Economist,Yves Dushimimana,"Senior Economist, Financial Institutions Division"
581481,2023-10-24,Yves Dushimimana ,"Senior Economist, Financial Institutions Division",1,Yves Dushimimana,"Senior Economist, Financial Institutions Division",Yves Dushimimana,"Senior Economist, Financial Institutions Division"
474535,2020-06-03,Yves-Frances Odia Ndongo,Analyst,1,Yves-frances Odia Ndongo,Analyst,Yves-frances Odia Ndongo,Analyst
526918,2022-02-25,Yves Francis Odia Ndongo,Tax Policy Officer,1,Yves Francis Odia Ndongo,Tax Policy Officer,Yves Francis Odia Ndongo,Tax Policy Officer
468460,2020-02-04,Yves Francois Blanchet,Member of Parliament,1,Yves Francois Blanchet,Member of Parliament,Yves-francois Blanchet,Member of Parliament
456508,2019-05-15,Yves-Francois Blanchet,"Leader, Bloc Quebecois",1,Yves-francois Blanchet,"Leader, Bloc Quebecois",Yves-francois Blanchet,Member of Parliament
464692,2020-01-17,Yves-Francois Blanchet,Leader of the Bloc Quebecois,1,Yves-francois Blanchet,Leader of the Bloc Quebecois,Yves-francois Blanchet,Member of Parliament
469386,2020-03-10,Yves-Francois Blanchet,Member of Parliament,1,Yves-francois Blanchet,Member of Parliament,Yves-francois Blanchet,Member of Parliament
471133,2020-03-23,Yves-Francois Blanchet,Member of Parliament,1,Yves-francois Blanchet,Member of Parliament,Yves-francois Blanchet,Member of Parliament
475363,2020-05-08,Yves-Francois Blanchet,Member of Parliament,1,Yves-francois Blanchet,Member of Parliament,Yves-francois Blanchet,Member of Parliament
474230,2020-05-11,Yves-Francois Blanchet,Leader of the Bloc Quebecois,1,Yves-francois Blanchet,Leader of the Bloc Quebecois,Yves-francois Blanchet,Member of Parliament
475744,2020-05-28,Yves-Francois Blanchet,Member of Parliament,1,Yves-francois Blanchet,Member of Parliament,Yves-francois Blanchet,Member of Parliament
480542,2020-06-08,Yves-Francois Blanchet,"Leader, Bloc Québécois | Member of Parliament",1,Yves-francois Blanchet,"Leader, Bloc Québécois | Member of Parliament",Yves-francois Blanchet,Member of Parliament
487365,2020-11-12,Yves-Francois Blanchet,"Leader, Bloc Québécois",1,Yves-francois Blanchet,"Leader, Bloc Québécois",Yves-francois Blanchet,Member of Parliament
489188,2020-12-04,Yves-Francois Blanchet,Leader of the Bloc Quebecois,1,Yves-francois Blanchet,Leader of the Bloc Quebecois,Yves-francois Blanchet,Member of Parliament
496629,2021-02-09,Yves-Francois Blanchet,Member of Parliament,1,Yves-francois Blanchet,Member of Parliament,Yves-francois Blanchet,Member of Parliament
496657,2021-02-09,Yves-Francois Blanchet,Member of Parliament,1,Yves-francois Blanchet,Member of Parliament,Yves-francois Blanchet,Member of Parliament
503433,2021-02-25,Yves-Francois Blanchet,Member of Parliament,1,Yves-francois Blanchet,Member of Parliament,Yves-francois Blanchet,Member of Parliament
504783,2021-04-15,Yves-Francois Blanchet,Member of Parliament,1,Yves-francois Blanchet,Member of Parliament,Yves-francois Blanchet,Member of Parliament
512763,2021-07-22,Yves-Francois Blanchet,Member of Parliament,1,Yves-francois Blanchet,Member of Parliament,Yves-francois Blanchet,Member of Parliament
518856,2021-12-10,Yves-Francois Blanchet,Member,1,Yves-francois Blanchet,Member,Yves-francois Blanchet,Member of Parliament
521318,2022-02-01,Yves-Francois Blanchet,Member of Parliament,1,Yves-francois Blanchet,Member of Parliament,Yves-francois Blanchet,Member of Parliament
521353,2022-02-01,Yves-Francois Blanchet,Member of Parliament,1,Yves-francois Blanchet,Member of Parliament,Yves-francois Blanchet,Member of Parliament
551633,2022-11-15,Yves-Francois Blanchet,Member of Parliament,1,Yves-francois Blanchet,Member of Parliament,Yves-francois Blanchet,Member of Parliament
562247,2023-03-21,Yves-Francois Blanchet,Member of Parliament,1,Yves-francois Blanchet,Member of Parliament,Yves-francois Blanchet,Member of Parliament
580997,2023-10-18,Yves-Francois Blanchet,Member of Parliament,1,Yves-francois Blanchet,Member of Parliament,Yves-francois Blanchet,Member of Parliament
580845,2023-10-25,Yves-Francois Blanchet,Member of Parliament,1,Yves-francois Blanchet,Member of Parliament,Yves-francois Blanchet,Member of Parliament
584976,2023-11-21,Yves-Francois Blanchet,Member of Parliament,1,Yves-francois Blanchet,Member of Parliament,Yves-francois Blanchet,Member of Parliament
591203,2023-11-21,Yves-Francois Blanchet,Member of Parliament,1,Yves-francois Blanchet,Member of Parliament,Yves-francois Blanchet,Member of Parliament
594791,2024-02-06,Yves-Francois Blanchet,Member of Parliament,1,Yves-francois Blanchet,Member of Parliament,Yves-francois Blanchet,Member of Parliament
594825,2024-02-06,Yves-Francois Blanchet,Member of Parliament,1,Yves-francois Blanchet,Member of Parliament,Yves-francois Blanchet,Member of Parliament
598926,2024-03-22,Yves-Francois Blanchet,Public Relations Manager,1,Yves-francois Blanchet,Public Relations Manager,Yves-francois Blanchet,Member of Parliament
600705,2024-04-08,Yves-Francois Blanchet,Member of Parliament,1,Yves-francois Blanchet,Member of Parliament,Yves-francois Blanchet,Member of Parliament
607455,2024-05-26,Yves-Francois Blanchet,"Leader, Bloc Québécois",1,Yves-francois Blanchet,"Leader, Bloc Québécois",Yves-francois Blanchet,Member of Parliament
611756,2024-07-16,Yves-Francois Blanchet,Member of Parliament,1,Yves-francois Blanchet,Member of Parliament,Yves-francois Blanchet,Member of Parliament
451802,2019-04-03,Yves François Blanchet,Member of Parliament,1,Yves Francois Blanchet,Member of Parliament,Yves-francois Blanchet,Member of Parliament
451905,2019-04-03,Yves François Blanchet,Member of Parliament,1,Yves Francois Blanchet,Member of Parliament,Yves-francois Blanchet,Member of Parliament
635638,2025-04-18,Yves-François  Blanchet,Member of Parliament,1,Yves-francois Blanchet,Member of Parliament,Yves-francois Blanchet,Member of Parliament
453675,2019-05-15,Yves-François Blanchet,"Leader, Bloc Québécois",1,Yves-francois Blanchet,"Leader, Bloc Québécois",Yves-francois Blanchet,Member of Parliament
453366,2019-05-15,Yves-François Blanchet,Member of Parliament,1,Yves-francois Blanchet,Member of Parliament,Yves-francois Blanchet,Member of Parliament
456552,2019-05-31,Yves-François Blanchet,"Leader, Bloc Québécois",1,Yves-francois Blanchet,"Leader, Bloc Québécois",Yves-francois Blanchet,Member of Parliament
462925,2020-01-07,Yves-François Blanchet,Leader of the Bloc Quebecois,1,Yves-francois Blanchet,Leader of the Bloc Quebecois,Yves-francois Blanchet,Member of Parliament
463644,2020-01-29,Yves-François Blanchet,Leader of the Bloc Quebecois,1,Yves-francois Blanchet,Leader of the Bloc Quebecois,Yves-francois Blanchet,Member of Parliament
464142,2020-01-30,Yves-François Blanchet,Leader of the Opposition,1,Yves-francois Blanchet,Leader of the Opposition,Yves-francois Blanchet,Member of Parliament
463881,2020-02-04,Yves-François Blanchet,Member of Parliament,1,Yves-francois Blanchet,Member of Parliament,Yves-francois Blanchet,Member of Parliament
465083,2020-02-04,Yves-François Blanchet,Member of Parliament,1,Yves-francois Blanchet,Member of Parliament,Yves-francois Blanchet,Member of Parliament
466870,2020-02-27,Yves-François Blanchet,Member of Parliament,1,Yves-francois Blanchet,Member of Parliament,Yves-francois Blanchet,Member of Parliament
473110,2020-05-12,Yves-François Blanchet,Member of Parliament,1,Yves-francois Blanchet,Member of Parliament,Yves-francois Blanchet,Member of Parliament
474160,2020-05-19,Yves-François Blanchet,Member of Parliament,1,Yves-francois Blanchet,Member of Parliament,Yves-francois Blanchet,Member of Parliament
474537,2020-05-19,Yves-François Blanchet,Member of Parliament,1,Yves-francois Blanchet,Member of Parliament,Yves-francois Blanchet,Member of Parliament
475012,2020-05-19,Yves-François Blanchet,Member of Parliament,1,Yves-francois Blanchet,Member of Parliament,Yves-francois Blanchet,Member of Parliament
479466,2020-06-23,Yves-François Blanchet,Leader of the Bloc Quebecois,1,Yves-francois Blanchet,Leader of the Bloc Quebecois,Yves-francois Blanchet,Member of Parliament
478121,2020-06-26,Yves-François Blanchet,Member of Parliament,1,Yves-francois Blanchet,Member of Parliament,Yves-francois Blanchet,Member of Parliament
481634,2020-08-03,Yves-François Blanchet,Member of Parliament,1,Yves-francois Blanchet,Member of Parliament,Yves-francois Blanchet,Member of Parliament
482922,2020-09-21,Yves-François Blanchet,Member of Parliament,1,Yves-francois Blanchet,Member of Parliament,Yves-francois Blanchet,Member of Parliament
484197,2020-09-30,Yves-François Blanchet,Member of Parliament,1,Yves-francois Blanchet,Member of Parliament,Yves-francois Blanchet,Member of Parliament
486047,2020-10-02,Yves-François Blanchet,Member of Parliament,1,Yves-francois Blanchet,Member of Parliament,Yves-francois Blanchet,Member of Parliament
491219,2020-11-13,Yves-François Blanchet,Member of Parliament,1,Yves-francois Blanchet,Member of Parliament,Yves-francois Blanchet,Member of Parliament
489253,2020-11-19,Yves-François Blanchet,Member of Parliament,1,Yves-francois Blanchet,Member of Parliament,Yves-francois Blanchet,Member of Parliament
489520,2020-11-19,Yves-François Blanchet,Member of Parliament,1,Yves-francois Blanchet,Member of Parliament,Yves-francois Blanchet,Member of Parliament
490157,2020-11-24,Yves-François Blanchet,Member of Parliament,1,Yves-francois Blanchet,Member of Parliament,Yves-francois Blanchet,Member of Parliament
499140,2021-02-09,Yves-François Blanchet,Member of Parliament,1,Yves-francois Blanchet,Member of Parliament,Yves-francois Blanchet,Member of Parliament
503442,2021-04-29,Yves-François Blanchet,Member of Parliament,1,Yves-francois Blanchet,Member of Parliament,Yves-francois Blanchet,Member of Parliament
505912,2021-05-12,Yves-François Blanchet,Member of Parliament,1,Yves-francois Blanchet,Member of Parliament,Yves-francois Blanchet,Member of Parliament
507971,2021-05-14,Yves-François Blanchet,Member of Parliament,1,Yves-francois Blanchet,Member of Parliament,Yves-francois Blanchet,Member of Parliament
510442,2021-06-02,Yves-François Blanchet,"Leader, Bloc Québécois",1,Yves-francois Blanchet,"Leader, Bloc Québécois",Yves-francois Blanchet,Member of Parliament
510040,2021-06-03,Yves-François Blanchet,"Party Leader, Bloc Québécois | Member of Parliament",1,Yves-francois Blanchet,"Party Leader, Bloc Québécois | Member of Parliament",Yves-francois Blanchet,Member of Parliament
510800,2021-07-13,Yves-François Blanchet,"Leader, Bloc Québécois",1,Yves-francois Blanchet,"Leader, Bloc Québécois",Yves-francois Blanchet,Member of Parliament
510318,2021-07-13,Yves-François Blanchet,"Party Leader, Bloc Quebecois",1,Yves-francois Blanchet,"Party Leader, Bloc Quebecois",Yves-francois Blanchet,Member of Parliament
516415,2021-11-30,Yves-François Blanchet,Member of Parliament,1,Yves-francois Blanchet,Member of Parliament,Yves-francois Blanchet,Member of Parliament
516426,2021-11-30,Yves-François Blanchet,Member of Parliament,1,Yves-francois Blanchet,Member of Parliament,Yves-francois Blanchet,Member of Parliament
518855,2021-12-09,Yves-François Blanchet,Member,1,Yves-francois Blanchet,Member,Yves-francois Blanchet,Member of Parliament
521520,2022-02-01,Yves-François Blanchet,Member of Parliament,1,Yves-francois Blanchet,Member of Parliament,Yves-francois Blanchet,Member of Parliament
525322,2022-02-23,Yves-François Blanchet,"Party Leader, Bloc Quebecois",1,Yves-francois Blanchet,"Party Leader, Bloc Quebecois",Yves-francois Blanchet,Member of Parliament
527505,2022-03-02,Yves-François Blanchet,Member of Parliament,1,Yves-francois Blanchet,Member of Parliament,Yves-francois Blanchet,Member of Parliament
527534,2022-03-02,Yves-François Blanchet,Member of Parliament,1,Yves-francois Blanchet,Member of Parliament,Yves-francois Blanchet,Member of Parliament
527515,2022-03-15,Yves-François Blanchet,Member of Parliament,1,Yves-francois Blanchet,Member of Parliament,Yves-francois Blanchet,Member of Parliament
527540,2022-03-15,Yves-François Blanchet,Member of Parliament,1,Yves-francois Blanchet,Member of Parliament,Yves-francois Blanchet,Member of Parliament
529173,2022-03-24,Yves-François Blanchet,Deputy Minister,1,Yves-francois Blanchet,Deputy Minister,Yves-francois Blanchet,Member of Parliament
529167,2022-03-31,Yves-François Blanchet,Deputy Minister,1,Yves-francois Blanchet,Deputy Minister,Yves-francois Blanchet,Member of Parliament
532399,2022-04-21,Yves-François Blanchet,Member of Parliament,1,Yves-francois Blanchet,Member of Parliament,Yves-francois Blanchet,Member of Parliament
534463,2022-05-02,Yves-François Blanchet,Deputy Minister,1,Yves-francois Blanchet,Deputy Minister,Yves-francois Blanchet,Member of Parliament
533405,2022-05-26,Yves-François Blanchet,Member of Parliament,1,Yves-francois Blanchet,Member of Parliament,Yves-francois Blanchet,Member of Parliament
534720,2022-05-26,Yves-François Blanchet,Member of Parliament,1,Yves-francois Blanchet,Member of Parliament,Yves-francois Blanchet,Member of Parliament
538949,2022-06-11,Yves-François Blanchet,Member of Parliament,1,Yves-francois Blanchet,Member of Parliament,Yves-francois Blanchet,Member of Parliament
537285,2022-06-28,Yves-François Blanchet,Deputy Minister,1,Yves-francois Blanchet,Deputy Minister,Yves-francois Blanchet,Member of Parliament
541105,2022-08-26,Yves-François Blanchet,"Leader, Bloc Québécois | Member of Parliament",1,Yves-francois Blanchet,"Leader, Bloc Québécois | Member of Parliament",Yves-francois Blanchet,Member of Parliament
541641,2022-08-31,Yves-François Blanchet,"Leader, Bloc Québécois",1,Yves-francois Blanchet,"Leader, Bloc Québécois",Yves-francois Blanchet,Member of Parliament
550029,2022-11-02,Yves-François Blanchet,Member of Parliament,1,Yves-francois Blanchet,Member of Parliament,Yves-francois Blanchet,Member of Parliament
553940,2022-12-01,Yves-François Blanchet,Member of Parliament,1,Yves-francois Blanchet,Member of Parliament,Yves-francois Blanchet,Member of Parliament
553947,2022-12-01,Yves-François Blanchet,Member of Parliament,1,Yves-francois Blanchet,Member of Parliament,Yves-francois Blanchet,Member of Parliament
558210,2023-02-16,Yves-François Blanchet,Member of Parliament,1,Yves-francois Blanchet,Member of Parliament,Yves-francois Blanchet,Member of Parliament
561356,2023-03-07,Yves-François Blanchet,Member of Parliament,1,Yves-francois Blanchet,Member of Parliament,Yves-francois Blanchet,Member of Parliament
560713,2023-03-21,Yves-François Blanchet,Member of Parliament,1,Yves-francois Blanchet,Member of Parliament,Yves-francois Blanchet,Member of Parliament
562764,2023-03-30,Yves-François Blanchet,Member of Parliament,1,Yves-francois Blanchet,Member of Parliament,Yves-francois Blanchet,Member of Parliament
567813,2023-06-01,Yves-François Blanchet,"Leader, Bloc Québécois",1,Yves-francois Blanchet,"Leader, Bloc Québécois",Yves-francois Blanchet,Member of Parliament
575120,2023-07-31,Yves-François Blanchet,Member of Parliament,1,Yves-francois Blanchet,Member of Parliament,Yves-francois Blanchet,Member of Parliament
578236,2023-09-27,Yves-François Blanchet,Member of Parliament,1,Yves-francois Blanchet,Member of Parliament,Yves-francois Blanchet,Member of Parliament
584232,2023-10-17,Yves-François Blanchet,Member of Parliament,1,Yves-francois Blanchet,Member of Parliament,Yves-francois Blanchet,Member of Parliament
581154,2023-10-18,Yves-François Blanchet,Member of Parliament,1,Yves-francois Blanchet,Member of Parliament,Yves-francois Blanchet,Member of Parliament
584233,2023-10-18,Yves-François Blanchet,Member of Parliament,1,Yves-francois Blanchet,Member of Parliament,Yves-francois Blanchet,Member of Parliament
584234,2023-10-20,Yves-François Blanchet,Member of Parliament,1,Yves-francois Blanchet,Member of Parliament,Yves-francois Blanchet,Member of Parliament
583907,2023-10-24,Yves-François Blanchet,Member of Parliament,1,Yves-francois Blanchet,Member of Parliament,Yves-francois Blanchet,Member of Parliament
588486,2023-11-02,Yves-François Blanchet,"Leader, Bloc Québécois",1,Yves-francois Blanchet,"Leader, Bloc Québécois",Yves-francois Blanchet,Member of Parliament
587313,2023-11-23,Yves-François Blanchet,Member of Parliament,1,Yves-francois Blanchet,Member of Parliament,Yves-francois Blanchet,Member of Parliament
589433,2023-11-28,Yves-François Blanchet,Member of Parliament,1,Yves-francois Blanchet,Member of Parliament,Yves-francois Blanchet,Member of Parliament
589442,2023-11-28,Yves-François Blanchet,Member of Parliament,1,Yves-francois Blanchet,Member of Parliament,Yves-francois Blanchet,Member of Parliament
594167,2023-12-11,Yves-François Blanchet,"Leader, Bloc Québécois",1,Yves-francois Blanchet,"Leader, Bloc Québécois",Yves-francois Blanchet,Member of Parliament
590890,2023-12-18,Yves-François Blanchet,Member of Parliament,1,Yves-francois Blanchet,Member of Parliament,Yves-francois Blanchet,Member of Parliament
590895,2023-12-18,Yves-François Blanchet,Member of Parliament,1,Yves-francois Blanchet,Member of Parliament,Yves-francois Blanchet,Member of Parliament
592046,2024-02-01,Yves-François Blanchet,Member of Parliament,1,Yves-francois Blanchet,Member of Parliament,Yves-francois Blanchet,Member of Parliament
597895,2024-02-03,Yves-François Blanchet,Member of Parliament,1,Yves-francois Blanchet,Member of Parliament,Yves-francois Blanchet,Member of Parliament
594775,2024-02-06,Yves-François Blanchet,Member of Parliament,1,Yves-francois Blanchet,Member of Parliament,Yves-francois Blanchet,Member of Parliament
594800,2024-02-06,Yves-François Blanchet,Member of Parliament,1,Yves-francois Blanchet,Member of Parliament,Yves-francois Blanchet,Member of Parliament
597335,2024-02-06,Yves-François Blanchet,Member of Parliament,1,Yves-francois Blanchet,Member of Parliament,Yves-francois Blanchet,Member of Parliament
597668,2024-02-12,Yves-François Blanchet,"Leader, Bloc Québécois",1,Yves-francois Blanchet,"Leader, Bloc Québécois",Yves-francois Blanchet,Member of Parliament
608218,2024-05-05,Yves-François Blanchet,Leader of the Bloc Québécois,1,Yves-francois Blanchet,Leader of the Bloc Québécois,Yves-francois Blanchet,Member of Parliament
608524,2024-05-17,Yves-François Blanchet,Member of Parliament,1,Yves-francois Blanchet,Member of Parliament,Yves-francois Blanchet,Member of Parliament
607456,2024-05-26,Yves-François Blanchet,"Leader, Bloc Québécois",1,Yves-francois Blanchet,"Leader, Bloc Québécois",Yves-francois Blanchet,Member of Parliament
611098,2024-06-07,Yves-François Blanchet,Member of Parliament,1,Yves-francois Blanchet,Member of Parliament,Yves-francois Blanchet,Member of Parliament
613142,2024-07-17,Yves-François Blanchet,"Leader, Bloc Québécois",1,Yves-francois Blanchet,"Leader, Bloc Québécois",Yves-francois Blanchet,Member of Parliament
616946,2024-09-05,Yves-François Blanchet,Member of Parliament,1,Yves-francois Blanchet,Member of Parliament,Yves-francois Blanchet,Member of Parliament
622065,2024-10-02,Yves-François Blanchet,Member of Parliament,1,Yves-francois Blanchet,Member of Parliament,Yves-francois Blanchet,Member of Parliament
618612,2024-10-07,Yves-François Blanchet,Member of Parliament,1,Yves-francois Blanchet,Member of Parliament,Yves-francois Blanchet,Member of Parliament
623826,2024-11-19,Yves-François Blanchet,Member of Parliament,1,Yves-francois Blanchet,Member of Parliament,Yves-francois Blanchet,Member of Parliament
624918,2024-11-19,Yves-François Blanchet,Member of Parliament,1,Yves-francois Blanchet,Member of Parliament,Yves-francois Blanchet,Member of Parliament
625483,2024-11-19,Yves-François Blanchet,Member of Parliament,1,Yves-francois Blanchet,Member of Parliament,Yves-francois Blanchet,Member of Parliament
626278,2024-11-19,Yves-François Blanchet,Member of Parliament,1,Yves-francois Blanchet,Member of Parliament,Yves-francois Blanchet,Member of Parliament
624792,2024-11-26,Yves-François Blanchet,Member of Parliament,1,Yves-francois Blanchet,Member of Parliament,Yves-francois Blanchet,Member of Parliament
629106,2024-12-03,Yves-François Blanchet,Leader of the Bloc Quebecois,1,Yves-francois Blanchet,Leader of the Bloc Quebecois,Yves-francois Blanchet,Member of Parliament
629260,2024-12-03,Yves-François Blanchet,Member of Parliament,1,Yves-francois Blanchet,Member of Parliament,Yves-francois Blanchet,Member of Parliament
629337,2024-12-11,Yves-François Blanchet,Member of Parliament,1,Yves-francois Blanchet,Member of Parliament,Yves-francois Blanchet,Member of Parliament
628776,2024-12-17,Yves-François Blanchet,Member of Parliament,1,Yves-francois Blanchet,Member of Parliament,Yves-francois Blanchet,Member of Parliament
630347,2025-01-08,Yves-François Blanchet,"Party Leader, Bloc Québécois | Member of Parliament",1,Yves-francois Blanchet,"Party Leader, Bloc Québécois | Member of Parliament",Yves-francois Blanchet,Member of Parliament
631970,2025-02-10,Yves-François Blanchet,Member of Parliament,1,Yves-francois Blanchet,Member of Parliament,Yves-francois Blanchet,Member of Parliament
631971,2025-02-11,Yves-François Blanchet,Member of Parliament,1,Yves-francois Blanchet,Member of Parliament,Yves-francois Blanchet,Member of Parliament
633744,2025-02-12,Yves-François Blanchet,Member of Parliament,1,Yves-francois Blanchet,Member of Parliament,Yves-francois Blanchet,Member of Parliament
633745,2025-02-17,Yves-François Blanchet,Member of Parliament,1,Yves-francois Blanchet,Member of Parliament,Yves-francois Blanchet,Member of Parliament
631886,2025-02-24,Yves-François Blanchet,Member of Parliament,1,Yves-francois Blanchet,Member of Parliament,Yves-francois Blanchet,Member of Parliament
631955,2025-02-24,Yves-François Blanchet,Member of Parliament,1,Yves-francois Blanchet,Member of Parliament,Yves-francois Blanchet,Member of Parliament
633153,2025-02-24,Yves-François Blanchet,Member of Parliament,1,Yves-francois Blanchet,Member of Parliament,Yves-francois Blanchet,Member of Parliament
634679,2025-03-06,Yves-François Blanchet,"Leader, Bloc Quebecois",1,Yves-francois Blanchet,"Leader, Bloc Quebecois",Yves-francois Blanchet,Member of Parliament
634406,2025-03-06,Yves-François Blanchet,Member of Parliament,1,Yves-francois Blanchet,Member of Parliament,Yves-francois Blanchet,Member of Parliament
633758,2025-03-11,Yves-François Blanchet,Member of Parliament,1,Yves-francois Blanchet,Member of Parliament,Yves-francois Blanchet,Member of Parliament
635129,2025-03-11,Yves-François Blanchet,Member of Parliament,1,Yves-francois Blanchet,Member of Parliament,Yves-francois Blanchet,Member of Parliament
634630,2025-03-18,Yves-François Blanchet,Member of Parliament,1,Yves-francois Blanchet,Member of Parliament,Yves-francois Blanchet,Member of Parliament
635125,2025-03-22,Yves-François Blanchet,Member of Parliament,1,Yves-francois Blanchet,Member of Parliament,Yves-francois Blanchet,Member of Parliament
634361,2025-03-27,Yves-François Blanchet,Member of Parliament,1,Yves-francois Blanchet,Member of Parliament,Yves-francois Blanchet,Member of Parliament
635063,2025-03-27,Yves-François Blanchet,Member of Parliament,1,Yves-francois Blanchet,Member of Parliament,Yves-francois Blanchet,Member of Parliament
634366,2025-04-04,Yves-François Blanchet,Member of Parliament,1,Yves-francois Blanchet,Member of Parliament,Yves-francois Blanchet,Member of Parliament
635882,2025-04-25,Yves-François Blanchet,Member of Parliament,1,Yves-francois Blanchet,Member of Parliament,Yves-francois Blanchet,Member of Parliament
508756,2021-05-21,Yves-François  Blanchet,Member of Parliament,1,Yves-francois Blanchet,Member of Parliament,Yves-francois Blanchet,Member of Parliament
484830,2020-10-05,Yves-François Blanchette,Member of Parliament,1,Yves-francois Blanchette,Member of Parliament,Yves-francois Blanchet,Member of Parliament
484838,2020-10-05,Yves-François Blanchette,Member of Parliament,1,Yves-francois Blanchette,Member of Parliament,Yves-francois Blanchet,Member of Parliament
485021,2020-09-03,Yves-Froncois Blanchet,Party Leader,1,Yves-froncois Blanchet,Party Leader,Yves-froncois Blanchet,Party Leader
161729,2010-11-24,Yves Gagnon,Senior Policy Advisor,1,Yves Gagnon,Senior Policy Advisor,Yves Gagnon,Senior Policy Advisor
188907,2011-10-03,Yves Gagnon,Senior Policy Advisor,1,Yves Gagnon,Senior Policy Advisor,Yves Gagnon,Senior Policy Advisor
194714,2011-10-17,Yves Gagnon,Senior Policy Advisor,1,Yves Gagnon,Senior Policy Advisor,Yves Gagnon,Senior Policy Advisor
190605,2011-10-19,Yves Gagnon,Senior Policy Advisor,1,Yves Gagnon,Senior Policy Advisor,Yves Gagnon,Senior Policy Advisor
194719,2011-10-27,Yves Gagnon,Senior Policy Advisor,1,Yves Gagnon,Senior Policy Advisor,Yves Gagnon,Senior Policy Advisor
200266,2011-11-28,Yves Gagnon,Senior Policy Advisor,1,Yves Gagnon,Senior Policy Advisor,Yves Gagnon,Senior Policy Advisor
200277,2011-12-01,Yves Gagnon,Senior Policy Advisor,1,Yves Gagnon,Senior Policy Advisor,Yves Gagnon,Senior Policy Advisor
215448,2012-03-29,Yves Gagnon,Senior Policy Advisor,1,Yves Gagnon,Senior Policy Advisor,Yves Gagnon,Senior Policy Advisor
241161,2012-09-19,Yves Gagnon,Senior Policy Advisor,1,Yves Gagnon,Senior Policy Advisor,Yves Gagnon,Senior Policy Advisor
245238,2012-10-16,Yves Gagnon,Senior Policy Advisor,1,Yves Gagnon,Senior Policy Advisor,Yves Gagnon,Senior Policy Advisor
244895,2012-10-24,Yves Gagnon,Senior Policy Advisor,1,Yves Gagnon,Senior Policy Advisor,Yves Gagnon,Senior Policy Advisor
273640,2013-04-24,Yves Gagnon,Senior Policy Advisor,1,Yves Gagnon,Senior Policy Advisor,Yves Gagnon,Senior Policy Advisor
277317,2013-05-16,Yves Gagnon,Senior Policy Advisor,1,Yves Gagnon,Senior Policy Advisor,Yves Gagnon,Senior Policy Advisor
342937,2014-12-19,Yves Gauthier,"Manager, HADCS",1,Yves Gauthier,"Manager, HADCS",Yves Gauthier,"Manager, HADCS"
277871,2013-05-30,Yves Gingras,"Senior Director, Economic Policy",1,Yves Gingras,"Senior Director, Economic Policy",Yves Gingras,"Senior Director, Economic Policy"
106096,2009-02-04,Yves Giroux,"Director, Social Policy",1,Yves Giroux,"Director, Social Policy",Yves Giroux,Parliamentary Budget Officer
273026,2013-04-23,Yves Giroux,"Director, Operations",1,Yves Giroux,"Director, Operations",Yves Giroux,Parliamentary Budget Officer
349232,2015-02-16,Yves Giroux,Director of Operations,1,Yves Giroux,Director of Operations,Yves Giroux,Parliamentary Budget Officer
353320,2015-04-14,Yves Giroux,Director of Operations,1,Yves Giroux,Director of Operations,Yves Giroux,Parliamentary Budget Officer
392186,2016-12-05,Yves Giroux,Assistant Commissioner,1,Yves Giroux,Assistant Commissioner,Yves Giroux,Parliamentary Budget Officer
534280,2022-05-31,Yves Giroux,Parliamentary Budget Officer,1,Yves Giroux,Parliamentary Budget Officer,Yves Giroux,Parliamentary Budget Officer
585601,2023-11-24,Yves Giroux,Parliamentary Budget Officer,1,Yves Giroux,Parliamentary Budget Officer,Yves Giroux,Parliamentary Budget Officer
608848,2024-05-23,Yves Giroux,Parliamentary Budget Officer,1,Yves Giroux,Parliamentary Budget Officer,Yves Giroux,Parliamentary Budget Officer
606420,2024-05-28,Yves Giroux,Parliamentary Budget Officer,1,Yves Giroux,Parliamentary Budget Officer,Yves Giroux,Parliamentary Budget Officer
612392,2024-07-30,Yves Giroux,Parliamentary Budget Officer,1,Yves Giroux,Parliamentary Budget Officer,Yves Giroux,Parliamentary Budget Officer
633386,2025-02-27,Yves Giroux,Parliamentary Budget Officer,1,Yves Giroux,Parliamentary Budget Officer,Yves Giroux,Parliamentary Budget Officer
634899,2025-03-20,Yves Giroux,Parliamentary Budget Officer,1,Yves Giroux,Parliamentary Budget Officer,Yves Giroux,Parliamentary Budget Officer
310226,2013-11-05,Yves Godin,Member of Parliament,1,Yves Godin,Member of Parliament,Yvon Godin,Member of Parliament
478769,2020-07-09,Yves Gonthier,"Senior Engineer, Exploration Strategic Planning",1,Yves Gonthier,"Senior Engineer, Exploration Strategic Planning",Yves Gonthier,"Senior Engineer, Exploration Strategic Planning"
593617,2024-01-25,Yves Joseph Rosalbert,"Director, Parliamentary Affairs",1,Yves Joseph Rosalbert,"Director, Parliamentary Affairs",Yves Joseph Rosalbert,"Director, Parliamentary Affairs"
518870,2021-12-15,Yves-Joseph  Rosalbert,Policy Advisor,1,Yves-joseph Rosalbert,Policy Advisor,Yves-joseph Rosalbert,Policy Advisor
522280,2022-02-03,Yves-Joseph  Rosalbert,Policy Advisor,1,Yves-joseph Rosalbert,Policy Advisor,Yves-joseph Rosalbert,Policy Advisor
580541,2023-10-05,Yves-Joseph  Rosalbert,"Director, Parliamentary Affairs and Issues",1,Yves-joseph Rosalbert,"Director, Parliamentary Affairs and Issues",Yves-joseph Rosalbert,Policy Advisor
595527,2024-02-26,Yves-Joseph  Rosalbert,"Director, Parliamentary Affairs and Issues",1,Yves-joseph Rosalbert,"Director, Parliamentary Affairs and Issues",Yves-joseph Rosalbert,Policy Advisor
500911,2021-04-08,Yves-Joseph Rosalbert,Policy Advisor,1,Yves-joseph Rosalbert,Policy Advisor,Yves-joseph Rosalbert,Policy Advisor
503551,2021-04-29,Yves-Joseph Rosalbert,Quebec Regional Advisor,1,Yves-joseph Rosalbert,Quebec Regional Advisor,Yves-joseph Rosalbert,Policy Advisor
521101,2022-02-03,Yves-Joseph Rosalbert,Policy Advisor,1,Yves-joseph Rosalbert,Policy Advisor,Yves-joseph Rosalbert,Policy Advisor
529651,2022-03-18,Yves-Joseph Rosalbert,Policy Advisor and Parliamentary Secretary,1,Yves-joseph Rosalbert,Policy Advisor and Parliamentary Secretary,Yves-joseph Rosalbert,Policy Advisor
541843,2022-08-31,Yves-Joseph Rosalbert,Policy Advisor,1,Yves-joseph Rosalbert,Policy Advisor,Yves-joseph Rosalbert,Policy Advisor
559595,2023-03-13,Yves-Joseph Rosalbert,Parliamentary Secretary | Policy Advisor,1,Yves-joseph Rosalbert,Parliamentary Secretary | Policy Advisor,Yves-joseph Rosalbert,Policy Advisor
167232,2010-11-23,Yves Laboeuf,"Vice President, Policy",1,Yves Laboeuf,"Vice President, Policy",Yves Laboeuf,"Vice President, Policy"
161927,2010-11-30,Yves Laboeur,"Vice President, Policy Development",1,Yves Laboeur,"Vice President, Policy Development",Yves Laboeur,"Vice President, Policy Development"
82957,2008-09-09,Yves Lavergne,Technical Director,1,Yves Lavergne,Technical Director,Yves Lavergne,Technical Director
111862,2008-09-09,Yves Lavergne,Technical Director,1,Yves Lavergne,Technical Director,Yves Lavergne,Technical Director
111775,2009-02-17,Yves Lavergne,Technical Director,1,Yves Lavergne,Technical Director,Yves Lavergne,Technical Director
161501,2010-11-23,Yves Lavoeuf,"Vice President, Policy",1,Yves Lavoeuf,"Vice President, Policy",Yves Laboeuf,"Vice President, Policy"
575633,2023-08-22,Yves Lavoie,Regional Director,1,Yves Lavoie,Regional Director,Yves Lavoie,Director
579393,2023-09-22,Yves Lavoie,"Director, Regional Affairs",1,Yves Lavoie,"Director, Regional Affairs",Yves Lavoie,Director
586030,2023-11-30,Yves Lavoie,Director,1,Yves Lavoie,Director,Yves Lavoie,Director
589370,2023-12-20,Yves Lavoie,Director,1,Yves Lavoie,Director,Yves Lavoie,Director
590080,2024-01-09,Yves Lavoie,Director,1,Yves Lavoie,Director,Yves Lavoie,Director
425330,2017-10-19,Yves Lebel,Parliamentary Attaché,1,Yves Lebel,Parliamentary Attaché,Yves Lebel,Parliamentary Attaché
424493,2017-10-19,Yves Lebel,Staffer to Member of Parliament,1,Yves Lebel,Staffer to Member of Parliament,Yves Lebel,Parliamentary Attaché
139675,2010-01-25,Yves Lebeouf,"Vice President, Policy Development",1,Yves Lebeouf,"Vice President, Policy Development",Yves Leboeuf,Vice President
226270,2012-05-17,Yves Lebeouf,"Vice President, Operations",1,Yves Lebeouf,"Vice President, Operations",Yves Leboeuf,Vice President
244022,2012-10-18,Yves Lebeouf,"Vice President, Operations",1,Yves Lebeouf,"Vice President, Operations",Yves Leboeuf,Vice President
93811,2009-01-09,Yves LeBeouf,Vice President,1,Yves Lebeouf,Vice President,Yves Leboeuf,Vice President
97825,2009-02-13,Yves LeBeouf,Vice President,1,Yves Lebeouf,Vice President,Yves Leboeuf,Vice President
166025,2011-01-13,Yves Leboef,Vice President,1,Yves Leboef,Vice President,Yves Leboeuf,Vice President
77797,2008-07-22,Yves Leboeuf,"Vice President, Policy Development",1,Yves Leboeuf,"Vice President, Policy Development",Yves Leboeuf,Vice President
85595,2008-11-03,Yves Leboeuf,"Vice President, Policy Development",1,Yves Leboeuf,"Vice President, Policy Development",Yves Leboeuf,Vice President
90614,2008-12-18,Yves Leboeuf,Director,1,Yves Leboeuf,Director,Yves Leboeuf,Vice President
145519,2010-03-30,Yves Leboeuf,Vice President,1,Yves Leboeuf,Vice President,Yves Leboeuf,Vice President
166128,2011-01-13,Yves Leboeuf,"Vice President, Operations",1,Yves Leboeuf,"Vice President, Operations",Yves Leboeuf,Vice President
168861,2011-02-14,Yves Leboeuf,Vice President,1,Yves Leboeuf,Vice President,Yves Leboeuf,Vice President
168514,2011-02-23,Yves Leboeuf,Vice President,1,Yves Leboeuf,Vice President,Yves Leboeuf,Vice President
199582,2011-11-22,Yves Leboeuf,Vice President,1,Yves Leboeuf,Vice President,Yves Leboeuf,Vice President
200487,2011-11-22,Yves Leboeuf,"Vice President, Operations",1,Yves Leboeuf,"Vice President, Operations",Yves Leboeuf,Vice President
200350,2011-11-22,Yves Leboeuf,"Vice President, Operations Sector",1,Yves Leboeuf,"Vice President, Operations Sector",Yves Leboeuf,Vice President
202209,2011-12-02,Yves Leboeuf,Vice President,1,Yves Leboeuf,Vice President,Yves Leboeuf,Vice President
205869,2012-01-31,Yves Leboeuf,"Vice President, Operations",1,Yves Leboeuf,"Vice President, Operations",Yves Leboeuf,Vice President
215513,2012-03-23,Yves Leboeuf,Vice President,1,Yves Leboeuf,Vice President,Yves Leboeuf,Vice President
233475,2012-07-13,Yves Leboeuf,"Vice President, Operations",1,Yves Leboeuf,"Vice President, Operations",Yves Leboeuf,Vice President
244751,2012-10-10,Yves Leboeuf,"Vice President, Operations",1,Yves Leboeuf,"Vice President, Operations",Yves Leboeuf,Vice President
243950,2012-10-16,Yves Leboeuf,"Vice President, Operation",1,Yves Leboeuf,"Vice President, Operation",Yves Leboeuf,Vice President
250376,2012-11-13,Yves Leboeuf,Vice President,1,Yves Leboeuf,Vice President,Yves Leboeuf,Vice President
268181,2013-03-06,Yves Leboeuf,Vice President,1,Yves Leboeuf,Vice President,Yves Leboeuf,Vice President
267071,2013-03-08,Yves Leboeuf,"Vice President, Operations",1,Yves Leboeuf,"Vice President, Operations",Yves Leboeuf,Vice President
273401,2013-04-30,Yves Leboeuf,Acting President,1,Yves Leboeuf,Acting President,Yves Leboeuf,Vice President
277409,2013-04-30,Yves Leboeuf,Acting President,1,Yves Leboeuf,Acting President,Yves Leboeuf,Vice President
276611,2013-05-15,Yves Leboeuf,Acting President,1,Yves Leboeuf,Acting President,Yves Leboeuf,Vice President
277440,2013-05-23,Yves Leboeuf,Acting President,1,Yves Leboeuf,Acting President,Yves Leboeuf,Vice President
277520,2013-05-23,Yves Leboeuf,Acting President,1,Yves Leboeuf,Acting President,Yves Leboeuf,Vice President
301756,2013-10-15,Yves Leboeuf,"Vice President, Operations",1,Yves Leboeuf,"Vice President, Operations",Yves Leboeuf,Vice President
310450,2013-11-19,Yves Leboeuf,Vice President,1,Yves Leboeuf,Vice President,Yves Leboeuf,Vice President
310925,2013-11-19,Yves Leboeuf,Vice President,1,Yves Leboeuf,Vice President,Yves Leboeuf,Vice President
309809,2013-11-19,Yves Leboeuf,"Vice President, Operations",1,Yves Leboeuf,"Vice President, Operations",Yves Leboeuf,Vice President
311170,2013-11-19,Yves Leboeuf,"Vice President, Operations",1,Yves Leboeuf,"Vice President, Operations",Yves Leboeuf,Vice President
308829,2013-12-02,Yves Leboeuf,Vice President,1,Yves Leboeuf,Vice President,Yves Leboeuf,Vice President
308849,2013-12-02,Yves Leboeuf,Vice President,1,Yves Leboeuf,Vice President,Yves Leboeuf,Vice President
324945,2014-04-07,Yves Leboeuf,Vice President,1,Yves Leboeuf,Vice President,Yves Leboeuf,Vice President
132316,2009-11-24,Yves LeBoeuf,Vice President,1,Yves Leboeuf,Vice President,Yves Leboeuf,Vice President
273393,2013-04-29,Yves LeBoeuf,Acting President,1,Yves Leboeuf,Acting President,Yves Leboeuf,Vice President
310854,2013-11-19,Yves LeBoeuf,"Vice President, Operations",1,Yves Leboeuf,"Vice President, Operations",Yves Leboeuf,Vice President
310278,2013-11-06,YVes Leboeuf,Vice President,1,Yves Leboeuf,Vice President,Yves Leboeuf,Vice President
114034,2009-06-22,Yves Leguerrier,Chief Delegate for Canada to FCTC,1,Yves Leguerrier,Chief Delegate for Canada to FCTC,Yves Leguerrier,Chief Delegate for Canada to FCTC
539912,2022-07-21,Yves Lemoullec,Officer,1,Yves Lemoullec,Officer,Yves Lemoullec,Director
588284,2023-11-28,Yves Lemoullec,Director,1,Yves Lemoullec,Director,Yves Lemoullec,Director
594090,2024-02-14,Yves Lemoullec,"Acting Director, Consumer Products Manufacturing Division",1,Yves Lemoullec,"Acting Director, Consumer Products Manufacturing Division",Yves Lemoullec,Director
595228,2024-02-14,Yves Lemoullec,Director,1,Yves Lemoullec,Director,Yves Lemoullec,Director
559395,2023-02-23,Yves Le Moullec,Officer,1,Yves Moullec,Officer,Yves Moullec,Officer
576029,2023-08-31,Yves Le Moullec,Officer,1,Yves Moullec,Officer,Yves Moullec,Officer
588274,2023-11-28,Yves Le Moullec,Officer,1,Yves Moullec,Officer,Yves Moullec,Officer
604984,2024-05-03,Yves Le Moullec,Manager,1,Yves Moullec,Manager,Yves Moullec,Officer
158463,2010-10-26,Yves Lessard,Member of Parliament,1,Yves Lessard,Member of Parliament,Yves Lessard,Member of Parliament
164464,2010-10-26,Yves Lessard,Member of Parliament,1,Yves Lessard,Member of Parliament,Yves Lessard,Member of Parliament
164865,2010-10-27,Yves Lessard,Member of Parliament,1,Yves Lessard,Member of Parliament,Yves Lessard,Member of Parliament
163533,2010-12-14,Yves Lessard,Member of Parliament,1,Yves Lessard,Member of Parliament,Yves Lessard,Member of Parliament
163584,2010-12-16,Yves Lessard,Member of Parliament,1,Yves Lessard,Member of Parliament,Yves Lessard,Member of Parliament
165270,2011-01-27,Yves Lessard,Member of Parliament,1,Yves Lessard,Member of Parliament,Yves Lessard,Member of Parliament
168264,2011-02-01,Yves Lessard,Member of Parliament,1,Yves Lessard,Member of Parliament,Yves Lessard,Member of Parliament
168961,2011-02-02,Yves Lessard,Member of Parliament,1,Yves Lessard,Member of Parliament,Yves Lessard,Member of Parliament
167753,2011-03-02,Yves Lessard,Member of Parliament,1,Yves Lessard,Member of Parliament,Yves Lessard,Member of Parliament
167798,2011-03-02,Yves Lessard,Member of Parliament,1,Yves Lessard,Member of Parliament,Yves Lessard,Member of Parliament
597470,2024-02-27,Yves Parent,Member of Parliament,1,Yves Parent,Member of Parliament,Yves Parent,Member of Parliament
467014,2020-02-04,Yves Parron,Member of Parliament,1,Yves Parron,Member of Parliament,Yves Perron,Member of Parliament
530404,2022-04-26,Yves  Perron,Member of Parliament,1,Yves Perron,Member of Parliament,Yves Perron,Member of Parliament
460837,2019-11-20,Yves Perron,Member of Parliament,1,Yves Perron,Member of Parliament,Yves Perron,Member of Parliament
461055,2019-11-20,Yves Perron,Member of Parliament,1,Yves Perron,Member of Parliament,Yves Perron,Member of Parliament
460959,2019-11-28,Yves Perron,Member of Parliament,1,Yves Perron,Member of Parliament,Yves Perron,Member of Parliament
460992,2019-11-28,Yves Perron,Member of Parliament,1,Yves Perron,Member of Parliament,Yves Perron,Member of Parliament
462974,2020-01-23,Yves Perron,Member of Parliament,1,Yves Perron,Member of Parliament,Yves Perron,Member of Parliament
463310,2020-01-23,Yves Perron,Member of Parliament,1,Yves Perron,Member of Parliament,Yves Perron,Member of Parliament
463639,2020-01-23,Yves Perron,Member of Parliament,1,Yves Perron,Member of Parliament,Yves Perron,Member of Parliament
463644,2020-01-29,Yves Perron,Member of Parliament,1,Yves Perron,Member of Parliament,Yves Perron,Member of Parliament
463879,2020-02-04,Yves Perron,Member of Parliament,1,Yves Perron,Member of Parliament,Yves Perron,Member of Parliament
463881,2020-02-04,Yves Perron,Member of Parliament,1,Yves Perron,Member of Parliament,Yves Perron,Member of Parliament
464806,2020-02-04,Yves Perron,Member of Parliament,1,Yves Perron,Member of Parliament,Yves Perron,Member of Parliament
465083,2020-02-04,Yves Perron,Member of Parliament,1,Yves Perron,Member of Parliament,Yves Perron,Member of Parliament
464021,2020-02-05,Yves Perron,Member of Parliament,1,Yves Perron,Member of Parliament,Yves Perron,Member of Parliament
466688,2020-02-06,Yves Perron,Member of Parliament,1,Yves Perron,Member of Parliament,Yves Perron,Member of Parliament
467390,2020-02-06,Yves Perron,Member of Parliament,1,Yves Perron,Member of Parliament,Yves Perron,Member of Parliament
465714,2020-02-18,Yves Perron,Member of Parliament,1,Yves Perron,Member of Parliament,Yves Perron,Member of Parliament
466542,2020-02-18,Yves Perron,Member of Parliament,1,Yves Perron,Member of Parliament,Yves Perron,Member of Parliament
468529,2020-02-18,Yves Perron,Member of Parliament,1,Yves Perron,Member of Parliament,Yves Perron,Member of Parliament
466227,2020-02-25,Yves Perron,Member of Parliament,1,Yves Perron,Member of Parliament,Yves Perron,Member of Parliament
467768,2020-02-25,Yves Perron,Member of Parliament,1,Yves Perron,Member of Parliament,Yves Perron,Member of Parliament
466586,2020-03-09,Yves Perron,Member,1,Yves Perron,Member,Yves Perron,Member of Parliament
466905,2020-03-09,Yves Perron,Member of Parliament,1,Yves Perron,Member of Parliament,Yves Perron,Member of Parliament
466938,2020-03-09,Yves Perron,Member of Parliament,1,Yves Perron,Member of Parliament,Yves Perron,Member of Parliament
468932,2020-03-09,Yves Perron,Member of Parliament,1,Yves Perron,Member of Parliament,Yves Perron,Member of Parliament
469386,2020-03-10,Yves Perron,Member of Parliament,1,Yves Perron,Member of Parliament,Yves Perron,Member of Parliament
471430,2020-04-15,Yves Perron,Member of Parliament,1,Yves Perron,Member of Parliament,Yves Perron,Member of Parliament
473595,2020-04-30,Yves Perron,Member of Parliament,1,Yves Perron,Member of Parliament,Yves Perron,Member of Parliament
476317,2020-06-17,Yves Perron,Member of Parliament,1,Yves Perron,Member of Parliament,Yves Perron,Member of Parliament
481126,2020-08-14,Yves Perron,Member of Parliament,1,Yves Perron,Member of Parliament,Yves Perron,Member of Parliament
481737,2020-08-14,Yves Perron,Member of Parliament,1,Yves Perron,Member of Parliament,Yves Perron,Member of Parliament
481769,2020-08-14,Yves Perron,Member of Parliament,1,Yves Perron,Member of Parliament,Yves Perron,Member of Parliament
481773,2020-08-14,Yves Perron,Member of Parliament,1,Yves Perron,Member of Parliament,Yves Perron,Member of Parliament
482479,2020-08-14,Yves Perron,Member of Parliament,1,Yves Perron,Member of Parliament,Yves Perron,Member of Parliament
481688,2020-08-26,Yves Perron,Member of Parliament,1,Yves Perron,Member of Parliament,Yves Perron,Member of Parliament
482857,2020-09-21,Yves Perron,Member of Parliament,1,Yves Perron,Member of Parliament,Yves Perron,Member of Parliament
483258,2020-09-21,Yves Perron,Member of Parliament,1,Yves Perron,Member of Parliament,Yves Perron,Member of Parliament
483262,2020-09-21,Yves Perron,Member of Parliament,1,Yves Perron,Member of Parliament,Yves Perron,Member of Parliament
483980,2020-09-21,Yves Perron,Member of Parliament,1,Yves Perron,Member of Parliament,Yves Perron,Member of Parliament
483984,2020-09-21,Yves Perron,Member of Parliament,1,Yves Perron,Member of Parliament,Yves Perron,Member of Parliament
484988,2020-09-21,Yves Perron,Member of Parliament,1,Yves Perron,Member of Parliament,Yves Perron,Member of Parliament
485085,2020-09-21,Yves Perron,Member of Parliament,1,Yves Perron,Member of Parliament,Yves Perron,Member of Parliament
485309,2020-09-21,Yves Perron,Member of Parliament,1,Yves Perron,Member of Parliament,Yves Perron,Member of Parliament
486672,2020-10-23,Yves Perron,Member of Parliament,1,Yves Perron,Member of Parliament,Yves Perron,Member of Parliament
486756,2020-10-28,Yves Perron,Member of Parliament,1,Yves Perron,Member of Parliament,Yves Perron,Member of Parliament
488302,2020-10-28,Yves Perron,Member of Parliament,1,Yves Perron,Member of Parliament,Yves Perron,Member of Parliament
488924,2020-11-02,Yves Perron,Member of Parliament,1,Yves Perron,Member of Parliament,Yves Perron,Member of Parliament
489289,2020-11-02,Yves Perron,Member of Parliament,1,Yves Perron,Member of Parliament,Yves Perron,Member of Parliament
491085,2020-11-05,Yves Perron,Member of Parliament,1,Yves Perron,Member of Parliament,Yves Perron,Member of Parliament
492040,2020-11-05,Yves Perron,Member of Parliament,1,Yves Perron,Member of Parliament,Yves Perron,Member of Parliament
489950,2020-11-10,Yves Perron,Member of Parliament,1,Yves Perron,Member of Parliament,Yves Perron,Member of Parliament
491219,2020-11-13,Yves Perron,Member of Parliament,1,Yves Perron,Member of Parliament,Yves Perron,Member of Parliament
489024,2020-11-20,Yves Perron,Member of Parliament,1,Yves Perron,Member of Parliament,Yves Perron,Member of Parliament
491715,2020-11-27,Yves Perron,Member of Parliament,1,Yves Perron,Member of Parliament,Yves Perron,Member of Parliament
491831,2020-11-27,Yves Perron,Member of Parliament,1,Yves Perron,Member of Parliament,Yves Perron,Member of Parliament
489130,2020-12-03,Yves Perron,Member of Parliament,1,Yves Perron,Member of Parliament,Yves Perron,Member of Parliament
492540,2020-12-03,Yves Perron,Member of Parliament,1,Yves Perron,Member of Parliament,Yves Perron,Member of Parliament
491209,2020-12-15,Yves Perron,Member of Parliament,1,Yves Perron,Member of Parliament,Yves Perron,Member of Parliament
492582,2020-12-16,Yves Perron,Member of Parliament,1,Yves Perron,Member of Parliament,Yves Perron,Member of Parliament
493492,2020-12-18,Yves Perron,Member of Parliament,1,Yves Perron,Member of Parliament,Yves Perron,Member of Parliament
494149,2021-01-18,Yves Perron,Member of Parliament,1,Yves Perron,Member of Parliament,Yves Perron,Member of Parliament
495656,2021-01-25,Yves Perron,Member of Parliament,1,Yves Perron,Member of Parliament,Yves Perron,Member of Parliament
497926,2021-02-08,Yves Perron,Member of Parliament,1,Yves Perron,Member of Parliament,Yves Perron,Member of Parliament
496560,2021-02-09,Yves Perron,Member of Parliament,1,Yves Perron,Member of Parliament,Yves Perron,Member of Parliament
496629,2021-02-09,Yves Perron,Member of Parliament,1,Yves Perron,Member of Parliament,Yves Perron,Member of Parliament
496657,2021-02-09,Yves Perron,Member of Parliament,1,Yves Perron,Member of Parliament,Yves Perron,Member of Parliament
499140,2021-02-09,Yves Perron,Member of Parliament,1,Yves Perron,Member of Parliament,Yves Perron,Member of Parliament
499455,2021-02-09,Yves Perron,Member of Parliament,1,Yves Perron,Member of Parliament,Yves Perron,Member of Parliament
495445,2021-02-11,Yves Perron,Member of Parliament,1,Yves Perron,Member of Parliament,Yves Perron,Member of Parliament
496447,2021-02-18,Yves Perron,Member of Parliament,1,Yves Perron,Member of Parliament,Yves Perron,Member of Parliament
498921,2021-02-18,Yves Perron,Member of Parliament,1,Yves Perron,Member of Parliament,Yves Perron,Member of Parliament
497729,2021-02-22,Yves Perron,Member of Parliament,1,Yves Perron,Member of Parliament,Yves Perron,Member of Parliament
499037,2021-02-22,Yves Perron,Member of Parliament,1,Yves Perron,Member of Parliament,Yves Perron,Member of Parliament
499040,2021-02-22,Yves Perron,Member of Parliament,1,Yves Perron,Member of Parliament,Yves Perron,Member of Parliament
500258,2021-03-17,Yves Perron,Member of Parliament,1,Yves Perron,Member of Parliament,Yves Perron,Member of Parliament
501720,2021-03-19,Yves Perron,Member of Parliament,1,Yves Perron,Member of Parliament,Yves Perron,Member of Parliament
502051,2021-03-19,Yves Perron,Member of Parliament,1,Yves Perron,Member of Parliament,Yves Perron,Member of Parliament
505431,2021-04-21,Yves Perron,Member of Parliament,1,Yves Perron,Member of Parliament,Yves Perron,Member of Parliament
505826,2021-04-21,Yves Perron,Member of Parliament,1,Yves Perron,Member of Parliament,Yves Perron,Member of Parliament
503712,2021-04-30,Yves Perron,Member of Parliament,1,Yves Perron,Member of Parliament,Yves Perron,Member of Parliament
503756,2021-04-30,Yves Perron,Member of Parliament,1,Yves Perron,Member of Parliament,Yves Perron,Member of Parliament
508601,2021-05-07,Yves Perron,Member of Parliament,1,Yves Perron,Member of Parliament,Yves Perron,Member of Parliament
506643,2021-05-18,Yves Perron,Member of Parliament,1,Yves Perron,Member of Parliament,Yves Perron,Member of Parliament
508751,2021-05-21,Yves Perron,Member of Parliament,1,Yves Perron,Member of Parliament,Yves Perron,Member of Parliament
508791,2021-05-21,Yves Perron,Member of Parliament,1,Yves Perron,Member of Parliament,Yves Perron,Member of Parliament
506687,2021-06-01,Yves Perron,Member of Parliament,1,Yves Perron,Member of Parliament,Yves Perron,Member of Parliament
510953,2021-06-01,Yves Perron,Member of Parliament,1,Yves Perron,Member of Parliament,Yves Perron,Member of Parliament
506962,2021-06-07,Yves Perron,Member of Parliament,1,Yves Perron,Member of Parliament,Yves Perron,Member of Parliament
509735,2021-06-25,Yves Perron,Member of Parliament,1,Yves Perron,Member of Parliament,Yves Perron,Member of Parliament
510430,2021-06-25,Yves Perron,Member of Parliament,1,Yves Perron,Member of Parliament,Yves Perron,Member of Parliament
510597,2021-06-25,Yves Perron,Member of Parliament,1,Yves Perron,Member of Parliament,Yves Perron,Member of Parliament
512763,2021-07-22,Yves Perron,Member of Parliament,1,Yves Perron,Member of Parliament,Yves Perron,Member of Parliament
514087,2021-08-10,Yves Perron,Member of Parliament,1,Yves Perron,Member of Parliament,Yves Perron,Member of Parliament
515045,2021-10-15,Yves Perron,Member of Parliament,1,Yves Perron,Member of Parliament,Yves Perron,Member of Parliament
515564,2021-10-18,Yves Perron,Member of Parliament,1,Yves Perron,Member of Parliament,Yves Perron,Member of Parliament
516922,2021-11-18,Yves Perron,Member of Parliament,1,Yves Perron,Member of Parliament,Yves Perron,Member of Parliament
518130,2021-11-18,Yves Perron,Member of Parliament,1,Yves Perron,Member of Parliament,Yves Perron,Member of Parliament
516556,2021-11-23,Yves Perron,Member of Parliament,1,Yves Perron,Member of Parliament,Yves Perron,Member of Parliament
519240,2021-12-07,Yves Perron,Member of Parliament,1,Yves Perron,Member of Parliament,Yves Perron,Member of Parliament
517332,2021-12-08,Yves Perron,Member of Parliament,1,Yves Perron,Member of Parliament,Yves Perron,Member of Parliament
516818,2021-12-09,Yves Perron,Member of Parliament,1,Yves Perron,Member of Parliament,Yves Perron,Member of Parliament
519765,2021-12-09,Yves Perron,Member of Parliament,1,Yves Perron,Member of Parliament,Yves Perron,Member of Parliament
519301,2021-12-16,Yves Perron,Member of Parliament,1,Yves Perron,Member of Parliament,Yves Perron,Member of Parliament
518679,2021-12-21,Yves Perron,Member of Parliament,1,Yves Perron,Member of Parliament,Yves Perron,Member of Parliament
521370,2022-01-20,Yves Perron,Member of Parliament,1,Yves Perron,Member of Parliament,Yves Perron,Member of Parliament
521243,2022-01-24,Yves Perron,Member of Parliament,1,Yves Perron,Member of Parliament,Yves Perron,Member of Parliament
521516,2022-01-24,Yves Perron,Member of Parliament,1,Yves Perron,Member of Parliament,Yves Perron,Member of Parliament
523279,2022-01-24,Yves Perron,Member of Parliament,1,Yves Perron,Member of Parliament,Yves Perron,Member of Parliament
521213,2022-01-27,Yves Perron,Member of Parliament,1,Yves Perron,Member of Parliament,Yves Perron,Member of Parliament
521318,2022-02-01,Yves Perron,Member of Parliament,1,Yves Perron,Member of Parliament,Yves Perron,Member of Parliament
521353,2022-02-01,Yves Perron,Member of Parliament,1,Yves Perron,Member of Parliament,Yves Perron,Member of Parliament
521520,2022-02-01,Yves Perron,Member of Parliament,1,Yves Perron,Member of Parliament,Yves Perron,Member of Parliament
521999,2022-02-07,Yves Perron,Member of Parliament,1,Yves Perron,Member of Parliament,Yves Perron,Member of Parliament
522014,2022-02-07,Yves Perron,Member of Parliament,1,Yves Perron,Member of Parliament,Yves Perron,Member of Parliament
526456,2022-02-28,Yves Perron,Member of Parliament,1,Yves Perron,Member of Parliament,Yves Perron,Member of Parliament
527282,2022-03-01,Yves Perron,Member of Parliament,1,Yves Perron,Member of Parliament,Yves Perron,Member of Parliament
529818,2022-03-18,Yves Perron,Member of Parliament,1,Yves Perron,Member of Parliament,Yves Perron,Member of Parliament
527059,2022-03-25,Yves Perron,Member of Parliament,1,Yves Perron,Member of Parliament,Yves Perron,Member of Parliament
530091,2022-04-06,Yves Perron,Member of Parliament,1,Yves Perron,Member of Parliament,Yves Perron,Member of Parliament
527837,2022-04-07,Yves Perron,Member of Parliament,1,Yves Perron,Member of Parliament,Yves Perron,Member of Parliament
528435,2022-04-07,Yves Perron,Member of Parliament,1,Yves Perron,Member of Parliament,Yves Perron,Member of Parliament
530402,2022-04-07,Yves Perron,Member of Parliament,1,Yves Perron,Member of Parliament,Yves Perron,Member of Parliament
531155,2022-04-07,Yves Perron,Member of Parliament,1,Yves Perron,Member of Parliament,Yves Perron,Member of Parliament
531381,2022-04-26,Yves Perron,Member of Parliament,1,Yves Perron,Member of Parliament,Yves Perron,Member of Parliament
535978,2022-05-02,Yves Perron,Member of Parliament,1,Yves Perron,Member of Parliament,Yves Perron,Member of Parliament
534154,2022-05-10,Yves Perron,Member of Parliament,1,Yves Perron,Member of Parliament,Yves Perron,Member of Parliament
535111,2022-05-10,Yves Perron,Member of Parliament,1,Yves Perron,Member of Parliament,Yves Perron,Member of Parliament
532855,2022-05-17,Yves Perron,Member of Parliament,1,Yves Perron,Member of Parliament,Yves Perron,Member of Parliament
532540,2022-05-18,Yves Perron,Member of Parliament,1,Yves Perron,Member of Parliament,Yves Perron,Member of Parliament
537796,2022-06-07,Yves Perron,Member of Parliament,1,Yves Perron,Member of Parliament,Yves Perron,Member of Parliament
542662,2022-09-20,Yves Perron,Member of Parliament,1,Yves Perron,Member of Parliament,Yves Perron,Member of Parliament
542957,2022-09-20,Yves Perron,Member of Parliament,1,Yves Perron,Member of Parliament,Yves Perron,Member of Parliament
544240,2022-09-20,Yves Perron,Member of Parliament,1,Yves Perron,Member of Parliament,Yves Perron,Member of Parliament
542742,2022-09-21,Yves Perron,Member of Parliament,1,Yves Perron,Member of Parliament,Yves Perron,Member of Parliament
543920,2022-09-22,Yves Perron,Member of Parliament,1,Yves Perron,Member of Parliament,Yves Perron,Member of Parliament
551264,2022-09-27,Yves Perron,Member of Parliament,1,Yves Perron,Member of Parliament,Yves Perron,Member of Parliament
547549,2022-10-20,Yves Perron,Member of Parliament,1,Yves Perron,Member of Parliament,Yves Perron,Member of Parliament
545481,2022-11-01,Yves Perron,Member of Parliament,1,Yves Perron,Member of Parliament,Yves Perron,Member of Parliament
545139,2022-11-02,Yves Perron,Member of Parliament,1,Yves Perron,Member of Parliament,Yves Perron,Member of Parliament
548775,2022-11-15,Yves Perron,Member of Parliament,1,Yves Perron,Member of Parliament,Yves Perron,Member of Parliament
548789,2022-11-15,Yves Perron,Member of Parliament,1,Yves Perron,Member of Parliament,Yves Perron,Member of Parliament
550736,2022-11-15,Yves Perron,Member of Parliament,1,Yves Perron,Member of Parliament,Yves Perron,Member of Parliament
551534,2022-11-15,Yves Perron,Member of Parliament,1,Yves Perron,Member of Parliament,Yves Perron,Member of Parliament
549780,2022-11-22,Yves Perron,Member of Parliament,1,Yves Perron,Member of Parliament,Yves Perron,Member of Parliament
550574,2022-11-22,Yves Perron,Member of Parliament,1,Yves Perron,Member of Parliament,Yves Perron,Member of Parliament
554789,2023-01-23,Yves Perron,Member of Parliament,1,Yves Perron,Member of Parliament,Yves Perron,Member of Parliament
557361,2023-02-06,Yves Perron,Member of Parliament,1,Yves Perron,Member of Parliament,Yves Perron,Member of Parliament
556984,2023-02-08,Yves Perron,Member of Parliament,1,Yves Perron,Member of Parliament,Yves Perron,Member of Parliament
556985,2023-02-08,Yves Perron,Member of Parliament,1,Yves Perron,Member of Parliament,Yves Perron,Member of Parliament
559445,2023-02-13,Yves Perron,Member of Parliament,1,Yves Perron,Member of Parliament,Yves Perron,Member of Parliament
561227,2023-03-07,Yves Perron,Member of Parliament,1,Yves Perron,Member of Parliament,Yves Perron,Member of Parliament
562534,2023-03-07,Yves Perron,Member of Parliament,1,Yves Perron,Member of Parliament,Yves Perron,Member of Parliament
560715,2023-03-21,Yves Perron,Member of Parliament,1,Yves Perron,Member of Parliament,Yves Perron,Member of Parliament
562238,2023-03-21,Yves Perron,Member of Parliament,1,Yves Perron,Member of Parliament,Yves Perron,Member of Parliament
560738,2023-03-29,Yves Perron,Member of Parliament,1,Yves Perron,Member of Parliament,Yves Perron,Member of Parliament
563154,2023-03-29,Yves Perron,Member of Parliament,1,Yves Perron,Member of Parliament,Yves Perron,Member of Parliament
569328,2023-05-02,Yves Perron,Member of Parliament,1,Yves Perron,Member of Parliament,Yves Perron,Member of Parliament
566962,2023-05-24,Yves Perron,Member of Parliament,1,Yves Perron,Member of Parliament,Yves Perron,Member of Parliament
569104,2023-05-24,Yves Perron,Member of Parliament,1,Yves Perron,Member of Parliament,Yves Perron,Member of Parliament
591223,2023-05-24,Yves Perron,Member of Parliament,1,Yves Perron,Member of Parliament,Yves Perron,Member of Parliament
568436,2023-05-30,Yves Perron,Member of Parliament,1,Yves Perron,Member of Parliament,Yves Perron,Member of Parliament
569981,2023-05-30,Yves Perron,Member of Parliament,1,Yves Perron,Member of Parliament,Yves Perron,Member of Parliament
572184,2023-06-06,Yves Perron,Member of Parliament,1,Yves Perron,Member of Parliament,Yves Perron,Member of Parliament
573562,2023-06-06,Yves Perron,Member of Parliament,1,Yves Perron,Member of Parliament,Yves Perron,Member of Parliament
575552,2023-08-09,Yves Perron,Member of Parliament,1,Yves Perron,Member of Parliament,Yves Perron,Member of Parliament
576176,2023-08-16,Yves Perron,Member of Parliament,1,Yves Perron,Member of Parliament,Yves Perron,Member of Parliament
581408,2023-10-04,Yves Perron,Member of Parliament,1,Yves Perron,Member of Parliament,Yves Perron,Member of Parliament
580863,2023-10-24,Yves Perron,Member of Parliament,1,Yves Perron,Member of Parliament,Yves Perron,Member of Parliament
584036,2023-10-24,Yves Perron,Member of Parliament,1,Yves Perron,Member of Parliament,Yves Perron,Member of Parliament
582952,2023-10-25,Yves Perron,Member of Parliament,1,Yves Perron,Member of Parliament,Yves Perron,Member of Parliament
582629,2023-10-26,Yves Perron,Member of Parliament,1,Yves Perron,Member of Parliament,Yves Perron,Member of Parliament
583999,2023-11-06,Yves Perron,Member of Parliament,1,Yves Perron,Member of Parliament,Yves Perron,Member of Parliament
581812,2023-11-07,Yves Perron,Member of Parliament,1,Yves Perron,Member of Parliament,Yves Perron,Member of Parliament
586301,2023-11-07,Yves Perron,Member of Parliament,1,Yves Perron,Member of Parliament,Yves Perron,Member of Parliament
586458,2023-11-07,Yves Perron,Member of Parliament,1,Yves Perron,Member of Parliament,Yves Perron,Member of Parliament
588477,2023-11-21,Yves Perron,Member of Parliament,1,Yves Perron,Member of Parliament,Yves Perron,Member of Parliament
586456,2023-11-29,Yves Perron,Member of Parliament,1,Yves Perron,Member of Parliament,Yves Perron,Member of Parliament
589194,2023-12-18,Yves Perron,Member of Parliament,1,Yves Perron,Member of Parliament,Yves Perron,Member of Parliament
590808,2023-12-18,Yves Perron,Member of Parliament,1,Yves Perron,Member of Parliament,Yves Perron,Member of Parliament
593496,2024-01-18,Yves Perron,Member of Parliament,1,Yves Perron,Member of Parliament,Yves Perron,Member of Parliament
593438,2024-02-05,Yves Perron,Member of Parliament,1,Yves Perron,Member of Parliament,Yves Perron,Member of Parliament
594822,2024-02-06,Yves Perron,Member of Parliament,1,Yves Perron,Member of Parliament,Yves Perron,Member of Parliament
594825,2024-02-06,Yves Perron,Member of Parliament,1,Yves Perron,Member of Parliament,Yves Perron,Member of Parliament
594834,2024-02-06,Yves Perron,Member of Parliament,1,Yves Perron,Member of Parliament,Yves Perron,Member of Parliament
594835,2024-02-06,Yves Perron,Member of Parliament,1,Yves Perron,Member of Parliament,Yves Perron,Member of Parliament
594840,2024-02-06,Yves Perron,Member of Parliament,1,Yves Perron,Member of Parliament,Yves Perron,Member of Parliament
594844,2024-02-06,Yves Perron,Member of Parliament,1,Yves Perron,Member of Parliament,Yves Perron,Member of Parliament
594850,2024-02-06,Yves Perron,Member of Parliament,1,Yves Perron,Member of Parliament,Yves Perron,Member of Parliament
594853,2024-02-06,Yves Perron,Member of Parliament,1,Yves Perron,Member of Parliament,Yves Perron,Member of Parliament
594861,2024-02-06,Yves Perron,Member of Parliament,1,Yves Perron,Member of Parliament,Yves Perron,Member of Parliament
594862,2024-02-06,Yves Perron,Member of Parliament,1,Yves Perron,Member of Parliament,Yves Perron,Member of Parliament
596253,2024-02-07,Yves Perron,Member of Parliament,1,Yves Perron,Member of Parliament,Yves Perron,Member of Parliament
594665,2024-02-15,Yves Perron,Member of Parliament,1,Yves Perron,Member of Parliament,Yves Perron,Member of Parliament
598217,2024-02-16,Yves Perron,Member of Parliament,1,Yves Perron,Member of Parliament,Yves Perron,Member of Parliament
594935,2024-02-23,Yves Perron,Member of Parliament,1,Yves Perron,Member of Parliament,Yves Perron,Member of Parliament
596037,2024-02-26,Yves Perron,Member of Parliament,1,Yves Perron,Member of Parliament,Yves Perron,Member of Parliament
594707,2024-02-27,Yves Perron,Member of Parliament,1,Yves Perron,Member of Parliament,Yves Perron,Member of Parliament
596998,2024-02-27,Yves Perron,Member of Parliament,1,Yves Perron,Member of Parliament,Yves Perron,Member of Parliament
597770,2024-03-12,Yves Perron,Member of Parliament,1,Yves Perron,Member of Parliament,Yves Perron,Member of Parliament
597538,2024-03-14,Yves Perron,Member of Parliament,1,Yves Perron,Member of Parliament,Yves Perron,Member of Parliament
600112,2024-03-19,Yves Perron,Member of Parliament,1,Yves Perron,Member of Parliament,Yves Perron,Member of Parliament
598422,2024-03-20,Yves Perron,Member of Parliament,1,Yves Perron,Member of Parliament,Yves Perron,Member of Parliament
598423,2024-03-20,Yves Perron,Member of Parliament,1,Yves Perron,Member of Parliament,Yves Perron,Member of Parliament
598725,2024-03-20,Yves Perron,Member of Parliament,1,Yves Perron,Member of Parliament,Yves Perron,Member of Parliament
600705,2024-04-08,Yves Perron,Member of Parliament,1,Yves Perron,Member of Parliament,Yves Perron,Member of Parliament
599973,2024-04-11,Yves Perron,Member of Parliament,1,Yves Perron,Member of Parliament,Yves Perron,Member of Parliament
600109,2024-04-11,Yves Perron,Member of Parliament,1,Yves Perron,Member of Parliament,Yves Perron,Member of Parliament
605098,2024-04-16,Yves Perron,Member of Parliament,1,Yves Perron,Member of Parliament,Yves Perron,Member of Parliament
601699,2024-04-30,Yves Perron,Member of Parliament,1,Yves Perron,Member of Parliament,Yves Perron,Member of Parliament
603151,2024-05-06,Yves Perron,Member of Parliament,1,Yves Perron,Member of Parliament,Yves Perron,Member of Parliament
605804,2024-05-06,Yves Perron,Member of Parliament,1,Yves Perron,Member of Parliament,Yves Perron,Member of Parliament
604314,2024-05-07,Yves Perron,Member of Parliament,1,Yves Perron,Member of Parliament,Yves Perron,Member of Parliament
609030,2024-05-07,Yves Perron,Member of Parliament,1,Yves Perron,Member of Parliament,Yves Perron,Member of Parliament
608379,2024-05-21,Yves Perron,Member of Parliament,1,Yves Perron,Member of Parliament,Yves Perron,Member of Parliament
606859,2024-05-28,Yves Perron,Member of Parliament,1,Yves Perron,Member of Parliament,Yves Perron,Member of Parliament
607137,2024-05-28,Yves Perron,Member of Parliament,1,Yves Perron,Member of Parliament,Yves Perron,Member of Parliament
607929,2024-05-28,Yves Perron,Member of Parliament,1,Yves Perron,Member of Parliament,Yves Perron,Member of Parliament
609257,2024-06-04,Yves Perron,Member of Parliament,1,Yves Perron,Member of Parliament,Yves Perron,Member of Parliament
610931,2024-06-04,Yves Perron,Member of Parliament,1,Yves Perron,Member of Parliament,Yves Perron,Member of Parliament
617376,2024-09-17,Yves Perron,Member of Parliament,1,Yves Perron,Member of Parliament,Yves Perron,Member of Parliament
615909,2024-09-24,Yves Perron,Member of Parliament,1,Yves Perron,Member of Parliament,Yves Perron,Member of Parliament
619039,2024-10-15,Yves Perron,Member of Parliament,1,Yves Perron,Member of Parliament,Yves Perron,Member of Parliament
619738,2024-10-23,Yves Perron,Member of Parliament,1,Yves Perron,Member of Parliament,Yves Perron,Member of Parliament
619392,2024-10-28,Yves Perron,Member of Parliament,1,Yves Perron,Member of Parliament,Yves Perron,Member of Parliament
620316,2024-10-28,Yves Perron,Member of Parliament,1,Yves Perron,Member of Parliament,Yves Perron,Member of Parliament
619460,2024-10-29,Yves Perron,Member of Parliament,1,Yves Perron,Member of Parliament,Yves Perron,Member of Parliament
622156,2024-10-29,Yves Perron,Member of Parliament,1,Yves Perron,Member of Parliament,Yves Perron,Member of Parliament
623676,2024-10-29,Yves Perron,Member of Parliament,1,Yves Perron,Member of Parliament,Yves Perron,Member of Parliament
620484,2024-11-06,Yves Perron,Member of Parliament,1,Yves Perron,Member of Parliament,Yves Perron,Member of Parliament
625096,2024-11-06,Yves Perron,Member of Parliament,1,Yves Perron,Member of Parliament,Yves Perron,Member of Parliament
624159,2024-11-18,Yves Perron,Member of Parliament,1,Yves Perron,Member of Parliament,Yves Perron,Member of Parliament
624743,2024-11-18,Yves Perron,Member of Parliament,1,Yves Perron,Member of Parliament,Yves Perron,Member of Parliament
624822,2024-11-19,Yves Perron,Member of Parliament,1,Yves Perron,Member of Parliament,Yves Perron,Member of Parliament
626527,2024-11-20,Yves Perron,Member of Parliament,1,Yves Perron,Member of Parliament,Yves Perron,Member of Parliament
626681,2024-11-20,Yves Perron,Member of Parliament,1,Yves Perron,Member of Parliament,Yves Perron,Member of Parliament
625766,2024-11-28,Yves Perron,Member of Parliament,1,Yves Perron,Member of Parliament,Yves Perron,Member of Parliament
625769,2024-11-28,Yves Perron,Member of Parliament,1,Yves Perron,Member of Parliament,Yves Perron,Member of Parliament
627229,2024-11-29,Yves Perron,Member of Parliament,1,Yves Perron,Member of Parliament,Yves Perron,Member of Parliament
624533,2024-12-02,Yves Perron,Member of Parliament,1,Yves Perron,Member of Parliament,Yves Perron,Member of Parliament
625772,2024-12-03,Yves Perron,Member of Parliament,1,Yves Perron,Member of Parliament,Yves Perron,Member of Parliament
628249,2024-12-03,Yves Perron,Member of Parliament,1,Yves Perron,Member of Parliament,Yves Perron,Member of Parliament
627819,2024-12-10,Yves Perron,Member of Parliament,1,Yves Perron,Member of Parliament,Yves Perron,Member of Parliament
628718,2024-12-10,Yves Perron,Member of Parliament,1,Yves Perron,Member of Parliament,Yves Perron,Member of Parliament
627817,2024-12-17,Yves Perron,Member of Parliament,1,Yves Perron,Member of Parliament,Yves Perron,Member of Parliament
628738,2024-12-17,Yves Perron,Member of Parliament,1,Yves Perron,Member of Parliament,Yves Perron,Member of Parliament
632933,2025-02-05,Yves Perron,Member of Parliament,1,Yves Perron,Member of Parliament,Yves Perron,Member of Parliament
632954,2025-02-05,Yves Perron,Member of Parliament,1,Yves Perron,Member of Parliament,Yves Perron,Member of Parliament
633097,2025-02-12,Yves Perron,Member of Parliament,1,Yves Perron,Member of Parliament,Yves Perron,Member of Parliament
632737,2025-02-21,Yves Perron,Member of Parliament,1,Yves Perron,Member of Parliament,Yves Perron,Member of Parliament
633012,2025-02-21,Yves Perron,Member of Parliament,1,Yves Perron,Member of Parliament,Yves Perron,Member of Parliament
245069,2012-11-14,Yves Plourde,"Advisor, Industrial Technology",1,Yves Plourde,"Advisor, Industrial Technology",Yves Plourde,"Advisor, Industrial Technology"
571842,2023-05-18,Yves  Poirier,"Director, Savings and Investment",1,Yves Poirier,"Director, Savings and Investment",Yves Poirier,"Director, Economic Development"
423095,2018-03-05,Yves Poirier,"Director, Economic Development",1,Yves Poirier,"Director, Economic Development",Yves Poirier,"Director, Economic Development"
448732,2019-03-25,Yves Poirier,"Director, Economic Development",1,Yves Poirier,"Director, Economic Development",Yves Poirier,"Director, Economic Development"
456964,2019-07-03,Yves Poirier,"Director, Economic Development",1,Yves Poirier,"Director, Economic Development",Yves Poirier,"Director, Economic Development"
472692,2020-04-14,Yves Poirier,"Director, Economic Development",1,Yves Poirier,"Director, Economic Development",Yves Poirier,"Director, Economic Development"
512856,2021-07-22,Yves Poirier,"Director, Economic Development",1,Yves Poirier,"Director, Economic Development",Yves Poirier,"Director, Economic Development"
515834,2021-10-05,Yves Poirier,Tax Policy Officer,1,Yves Poirier,Tax Policy Officer,Yves Poirier,"Director, Economic Development"
517748,2021-11-08,Yves Poirier,"Director, Economic Development",1,Yves Poirier,"Director, Economic Development",Yves Poirier,"Director, Economic Development"
564266,2023-04-13,Yves Poirier,Director,1,Yves Poirier,Director,Yves Poirier,"Director, Economic Development"
566643,2023-05-18,Yves Poirier,"Director, Savings and Investment",1,Yves Poirier,"Director, Savings and Investment",Yves Poirier,"Director, Economic Development"
577652,2023-09-20,Yves Poirier,Director,1,Yves Poirier,Director,Yves Poirier,"Director, Economic Development"
577471,2023-09-20,Yves Poirier,"Director, Savings and Investment",1,Yves Poirier,"Director, Savings and Investment",Yves Poirier,"Director, Economic Development"
579225,2023-09-20,Yves Poirier,"Director, Savings and Investment",1,Yves Poirier,"Director, Savings and Investment",Yves Poirier,"Director, Economic Development"
591094,2024-01-18,Yves Poirier,"Director, Savings and Investment",1,Yves Poirier,"Director, Savings and Investment",Yves Poirier,"Director, Economic Development"
422506,2018-02-28,Yves Porier,"Director, Economic Development",1,Yves Porier,"Director, Economic Development",Yves Porier,"Director, Economic Development"
448307,2018-11-01,Yves Richard,Industrial Research Assistant,1,Yves Richard,Industrial Research Assistant,Yves Richard,Industrial Research Assistant
448308,2019-01-31,Yves Richard,Industrial Research Assistant,1,Yves Richard,Industrial Research Assistant,Yves Richard,Industrial Research Assistant
448309,2019-02-28,Yves Richard,Industrial Research Assistant,1,Yves Richard,Industrial Research Assistant,Yves Richard,Industrial Research Assistant
448311,2019-03-01,Yves Richard,Industrial Research Assistant,1,Yves Richard,Industrial Research Assistant,Yves Richard,Industrial Research Assistant
448652,2019-03-29,Yves Richard,Industrial Research Assistant,1,Yves Richard,Industrial Research Assistant,Yves Richard,Industrial Research Assistant
370901,2016-03-08,Yves Robillard,Member of Parliament,1,Yves Robillard,Member of Parliament,Yves Robillard,Member of Parliament
373358,2016-03-22,Yves Robillard,Member of Parliament,1,Yves Robillard,Member of Parliament,Yves Robillard,Member of Parliament
377588,2016-05-03,Yves Robillard,Member of Parliament,1,Yves Robillard,Member of Parliament,Yves Robillard,Member of Parliament
378616,2016-05-03,Yves Robillard,Member of Parliament,1,Yves Robillard,Member of Parliament,Yves Robillard,Member of Parliament
377794,2016-05-18,Yves Robillard,Member of Parliament,1,Yves Robillard,Member of Parliament,Yves Robillard,Member of Parliament
378383,2016-06-07,Yves Robillard,Member of Parliament,1,Yves Robillard,Member of Parliament,Yves Robillard,Member of Parliament
380766,2016-06-09,Yves Robillard,Member of Parliament,1,Yves Robillard,Member of Parliament,Yves Robillard,Member of Parliament
379203,2016-06-14,Yves Robillard,Member of Parliament,1,Yves Robillard,Member of Parliament,Yves Robillard,Member of Parliament
381382,2016-06-15,Yves Robillard,Member of Parliament,1,Yves Robillard,Member of Parliament,Yves Robillard,Member of Parliament
388555,2016-10-11,Yves Robillard,Member of Parliament,1,Yves Robillard,Member of Parliament,Yves Robillard,Member of Parliament
386453,2016-10-27,Yves Robillard,Member of Parliament,1,Yves Robillard,Member of Parliament,Yves Robillard,Member of Parliament
388803,2016-11-01,Yves Robillard,Member of Parliament,1,Yves Robillard,Member of Parliament,Yves Robillard,Member of Parliament
390072,2016-11-15,Yves Robillard,Member of Parliament,1,Yves Robillard,Member of Parliament,Yves Robillard,Member of Parliament
390629,2016-11-17,Yves Robillard,Member of Parliament,1,Yves Robillard,Member of Parliament,Yves Robillard,Member of Parliament
389415,2016-11-24,Yves Robillard,Member of Parliament,1,Yves Robillard,Member of Parliament,Yves Robillard,Member of Parliament
391369,2016-11-30,Yves Robillard,Member of Parliament,1,Yves Robillard,Member of Parliament,Yves Robillard,Member of Parliament
395619,2017-02-06,Yves Robillard,Member of Parliament,1,Yves Robillard,Member of Parliament,Yves Robillard,Member of Parliament
394144,2017-02-07,Yves Robillard,Member of Parliament,1,Yves Robillard,Member of Parliament,Yves Robillard,Member of Parliament
395651,2017-02-13,Yves Robillard,Member of Parliament,1,Yves Robillard,Member of Parliament,Yves Robillard,Member of Parliament
394768,2017-02-15,Yves Robillard,Member of Parliament,1,Yves Robillard,Member of Parliament,Yves Robillard,Member of Parliament
395549,2017-02-15,Yves Robillard,Member of Parliament,1,Yves Robillard,Member of Parliament,Yves Robillard,Member of Parliament
400284,2017-04-03,Yves Robillard,Member of Parliament,1,Yves Robillard,Member of Parliament,Yves Robillard,Member of Parliament
401589,2017-05-01,Yves Robillard,Member of Parliament,1,Yves Robillard,Member of Parliament,Yves Robillard,Member of Parliament
401177,2017-05-10,Yves Robillard,Member of Parliament,1,Yves Robillard,Member of Parliament,Yves Robillard,Member of Parliament
402844,2017-05-30,Yves Robillard,Member of Parliament,1,Yves Robillard,Member of Parliament,Yves Robillard,Member of Parliament
410900,2017-10-17,Yves Robillard,Member of Parliament,1,Yves Robillard,Member of Parliament,Yves Robillard,Member of Parliament
412303,2017-10-17,Yves Robillard,Member of Parliament,1,Yves Robillard,Member of Parliament,Yves Robillard,Member of Parliament
411190,2017-11-02,Yves Robillard,Member of Parliament,1,Yves Robillard,Member of Parliament,Yves Robillard,Member of Parliament
416989,2017-11-02,Yves Robillard,Member of Parliament,1,Yves Robillard,Member of Parliament,Yves Robillard,Member of Parliament
415551,2017-11-09,Yves Robillard,Member of Parliament,1,Yves Robillard,Member of Parliament,Yves Robillard,Member of Parliament
417027,2017-12-12,Yves Robillard,Member of Parliament,1,Yves Robillard,Member of Parliament,Yves Robillard,Member of Parliament
423058,2018-03-20,Yves Robillard,Member of Parliament,1,Yves Robillard,Member of Parliament,Yves Robillard,Member of Parliament
423157,2018-03-27,Yves Robillard,Member of Parliament,1,Yves Robillard,Member of Parliament,Yves Robillard,Member of Parliament
425092,2018-04-24,Yves Robillard,Member of Parliament,1,Yves Robillard,Member of Parliament,Yves Robillard,Member of Parliament
425615,2018-04-26,Yves Robillard,Member of Parliament,1,Yves Robillard,Member of Parliament,Yves Robillard,Member of Parliament
425205,2018-05-01,Yves Robillard,Member of Parliament,1,Yves Robillard,Member of Parliament,Yves Robillard,Member of Parliament
427753,2018-05-01,Yves Robillard,Member of Parliament,1,Yves Robillard,Member of Parliament,Yves Robillard,Member of Parliament
425390,2018-05-03,Yves Robillard,Member of Parliament,1,Yves Robillard,Member of Parliament,Yves Robillard,Member of Parliament
431574,2018-05-10,Yves Robillard,Member of Parliament,1,Yves Robillard,Member of Parliament,Yves Robillard,Member of Parliament
439222,2018-10-23,Yves Robillard,Member of Parliament,1,Yves Robillard,Member of Parliament,Yves Robillard,Member of Parliament
441136,2018-11-21,Yves Robillard,Member of Parliament,1,Yves Robillard,Member of Parliament,Yves Robillard,Member of Parliament
449329,2018-12-04,Yves Robillard,Member of Parliament,1,Yves Robillard,Member of Parliament,Yves Robillard,Member of Parliament
447358,2019-02-21,Yves Robillard,Member of Parliament,1,Yves Robillard,Member of Parliament,Yves Robillard,Member of Parliament
448402,2019-02-21,Yves Robillard,Member of Parliament,1,Yves Robillard,Member of Parliament,Yves Robillard,Member of Parliament
450813,2019-04-02,Yves Robillard,Member of Parliament,1,Yves Robillard,Member of Parliament,Yves Robillard,Member of Parliament
453947,2019-05-29,Yves Robillard,Member of Parliament,1,Yves Robillard,Member of Parliament,Yves Robillard,Member of Parliament
487842,2020-10-20,Yves Robillard,Member of Parliament,1,Yves Robillard,Member of Parliament,Yves Robillard,Member of Parliament
499591,2021-02-19,Yves Robillard,Member of Parliament,1,Yves Robillard,Member of Parliament,Yves Robillard,Member of Parliament
508754,2021-05-21,Yves Robillard,Member of Parliament,1,Yves Robillard,Member of Parliament,Yves Robillard,Member of Parliament
575483,2023-08-21,Yves Robillard,Member of Parliament,1,Yves Robillard,Member of Parliament,Yves Robillard,Member of Parliament
596481,2024-02-23,Yves Robillard,Member of Parliament,1,Yves Robillard,Member of Parliament,Yves Robillard,Member of Parliament
407484,2017-08-16,Yves Saint-Germain,Director,1,Yves Saint-germain,Director,Yves Saint-germain,Director
464361,2020-01-17,Yves Saint-Germain,Director,1,Yves Saint-germain,Director,Yves Saint-germain,Director
466825,2020-02-07,Yves Saint-Germain,Director,1,Yves Saint-germain,Director,Yves Saint-germain,Director
481643,2020-09-03,Yves Saint-Germain,Director General,1,Yves Saint-germain,Director General,Yves Saint-germain,Director
484833,2020-10-09,Yves Saint-Germain,Director,1,Yves Saint-germain,Director,Yves Saint-germain,Director
490969,2020-11-26,Yves Saint-Germain,Director,1,Yves Saint-germain,Director,Yves Saint-germain,Director
522698,2022-01-14,Yves Saint-Germain,Acting Director General,1,Yves Saint-germain,Acting Director General,Yves Saint-germain,Director
524092,2022-02-10,Yves Saint-Germain,Acting Director General,1,Yves Saint-germain,Acting Director General,Yves Saint-germain,Director
527517,2022-03-16,Yves Saint-Germain,Acting Director General,1,Yves Saint-germain,Acting Director General,Yves Saint-germain,Director
533056,2022-05-05,Yves Saint-Germain,Acting Director General,1,Yves Saint-germain,Acting Director General,Yves Saint-germain,Director
315905,2014-01-13,Yvette Meyer,Regional Director,1,Yvette Meyer,Regional Director,Yvette Meyer,Regional Director
369276,2016-01-04,Yvette Meyers,Regional Director,1,Yvette Meyers,Regional Director,Yvette Meyer,Regional Director
572000,2023-06-19,Yvette-Monique Gray,Regional Director General,1,Yvette-monique Gray,Regional Director General,Yvette-monique Gray,Regional Director
573674,2023-07-14,Yvette-Monique Gray,Regional Director General,1,Yvette-monique Gray,Regional Director General,Yvette-monique Gray,Regional Director
576696,2023-08-15,Yvette-Monique Gray,Regional Director,1,Yvette-monique Gray,Regional Director,Yvette-monique Gray,Regional Director
593946,2024-01-16,Yvette-Monique Gray,Regional Director,1,Yvette-monique Gray,Regional Director,Yvette-monique Gray,Regional Director
482013,2020-08-25,Yvette Mulder,Oceans Program and Planning Officer,1,Yvette Mulder,Oceans Program and Planning Officer,Yvette Mulder,Oceans Program and Planning Officer
385123,2016-09-20,Yvette Myers,"Regional Director, Marine Safety and Security",1,Yvette Myers,"Regional Director, Marine Safety and Security",Yvette Myers,Executive Director
412896,2017-10-02,Yvette Myers,"Acting Executive Director, Oceans Protection Plan Implementation",1,Yvette Myers,"Acting Executive Director, Oceans Protection Plan Implementation",Yvette Myers,Executive Director
430276,2018-06-22,Yvette Myers,Executive Director,1,Yvette Myers,Executive Director,Yvette Myers,Executive Director
435896,2018-09-20,Yvette Myers,"Acting Executive Director, Oceans Protection Plan Implementation",1,Yvette Myers,"Acting Executive Director, Oceans Protection Plan Implementation",Yvette Myers,Executive Director
439764,2018-11-14,Yvette Myers,Acting Executive Director,1,Yvette Myers,Acting Executive Director,Yvette Myers,Executive Director
445161,2019-01-30,Yvette Myers,Executive Director,1,Yvette Myers,Executive Director,Yvette Myers,Executive Director
411705,2017-10-05,Yvonee Jones,Member of Parliament,1,Yvonee Jones,Member of Parliament,Yvonne Jones,Member of Parliament
158983,2010-11-05,Yvon Giroux,"Senior Industry Officer, Forest Industries Directorate",1,Yvon Giroux,"Senior Industry Officer, Forest Industries Directorate",Yvon Giroux,"Senior Industry Officer, Forest Industries Directorate"
161017,2010-08-23,Yvon Godin,Member of Parliament,1,Yvon Godin,Member of Parliament,Yvon Godin,Member of Parliament
156779,2010-09-29,Yvon Godin,Member of Parliament,1,Yvon Godin,Member of Parliament,Yvon Godin,Member of Parliament
159907,2010-10-04,Yvon Godin,Member of Parliament,1,Yvon Godin,Member of Parliament,Yvon Godin,Member of Parliament
157849,2010-10-05,Yvon Godin,Member of Parliament,1,Yvon Godin,Member of Parliament,Yvon Godin,Member of Parliament
158461,2010-10-26,Yvon Godin,Member of Parliament,1,Yvon Godin,Member of Parliament,Yvon Godin,Member of Parliament
161221,2010-11-23,Yvon Godin,Member of Parliament,1,Yvon Godin,Member of Parliament,Yvon Godin,Member of Parliament
162391,2010-11-23,Yvon Godin,Member of Parliament,1,Yvon Godin,Member of Parliament,Yvon Godin,Member of Parliament
163592,2010-12-08,Yvon Godin,Member of Parliament,1,Yvon Godin,Member of Parliament,Yvon Godin,Member of Parliament
167030,2011-02-28,Yvon Godin,Member of Parliament,1,Yvon Godin,Member of Parliament,Yvon Godin,Member of Parliament
168625,2011-03-03,Yvon Godin,Member of Parliament,1,Yvon Godin,Member of Parliament,Yvon Godin,Member of Parliament
169258,2011-03-03,Yvon Godin,Member of Parliament,1,Yvon Godin,Member of Parliament,Yvon Godin,Member of Parliament
175744,2011-06-17,Yvon Godin,Member of Parliament,1,Yvon Godin,Member of Parliament,Yvon Godin,Member of Parliament
175972,2011-06-20,Yvon Godin,Staffer,1,Yvon Godin,Staffer,Yvon Godin,Member of Parliament
175975,2011-06-21,Yvon Godin,Staffer,1,Yvon Godin,Staffer,Yvon Godin,Member of Parliament
175978,2011-06-22,Yvon Godin,Staffer,1,Yvon Godin,Staffer,Yvon Godin,Member of Parliament
175981,2011-06-23,Yvon Godin,Staffer,1,Yvon Godin,Staffer,Yvon Godin,Member of Parliament
175987,2011-06-24,Yvon Godin,Staffer,1,Yvon Godin,Staffer,Yvon Godin,Member of Parliament
187688,2011-09-14,Yvon Godin,Member of Parliament,1,Yvon Godin,Member of Parliament,Yvon Godin,Member of Parliament
189945,2011-09-20,Yvon Godin,"Opposition Critic, Labour",1,Yvon Godin,"Opposition Critic, Labour",Yvon Godin,Member of Parliament
188269,2011-09-21,Yvon Godin,Member of Parliament,1,Yvon Godin,Member of Parliament,Yvon Godin,Member of Parliament
188084,2011-09-22,Yvon Godin,Member of Parliament,1,Yvon Godin,Member of Parliament,Yvon Godin,Member of Parliament
190306,2011-09-27,Yvon Godin,Member of Parliament,1,Yvon Godin,Member of Parliament,Yvon Godin,Member of Parliament
194875,2011-10-05,Yvon Godin,Member of Parliament,1,Yvon Godin,Member of Parliament,Yvon Godin,Member of Parliament
192177,2011-10-18,Yvon Godin,Labour Critic,1,Yvon Godin,Labour Critic,Yvon Godin,Member of Parliament
190399,2011-10-18,Yvon Godin,Member of Parliament,1,Yvon Godin,Member of Parliament,Yvon Godin,Member of Parliament
194884,2011-10-18,Yvon Godin,Member of Parliament,1,Yvon Godin,Member of Parliament,Yvon Godin,Member of Parliament
194678,2011-10-20,Yvon Godin,Critic for Labour,1,Yvon Godin,Critic for Labour,Yvon Godin,Member of Parliament
194693,2011-10-20,Yvon Godin,Member of Parliament,1,Yvon Godin,Member of Parliament,Yvon Godin,Member of Parliament
194598,2011-10-27,Yvon Godin,Member of Parliament,1,Yvon Godin,Member of Parliament,Yvon Godin,Member of Parliament
192137,2011-11-01,Yvon Godin,Member of Parliament,1,Yvon Godin,Member of Parliament,Yvon Godin,Member of Parliament
200204,2011-11-03,Yvon Godin,Member of Parliament,1,Yvon Godin,Member of Parliament,Yvon Godin,Member of Parliament
199728,2011-11-22,Yvon Godin,Member of Parliament,1,Yvon Godin,Member of Parliament,Yvon Godin,Member of Parliament
206008,2011-11-28,Yvon Godin,Member of Parliament,1,Yvon Godin,Member of Parliament,Yvon Godin,Member of Parliament
201197,2011-11-29,Yvon Godin,Member of Parliament,1,Yvon Godin,Member of Parliament,Yvon Godin,Member of Parliament
201199,2011-11-29,Yvon Godin,Member of Parliament,1,Yvon Godin,Member of Parliament,Yvon Godin,Member of Parliament
201227,2011-11-29,Yvon Godin,Member of Parliament,1,Yvon Godin,Member of Parliament,Yvon Godin,Member of Parliament
213333,2012-02-03,Yvon Godin,Member of Parliament,1,Yvon Godin,Member of Parliament,Yvon Godin,Member of Parliament
212730,2012-02-14,Yvon Godin,Member of Parliament,1,Yvon Godin,Member of Parliament,Yvon Godin,Member of Parliament
217511,2012-03-01,Yvon Godin,Member of Parliament,1,Yvon Godin,Member of Parliament,Yvon Godin,Member of Parliament
240055,2012-03-01,Yvon Godin,Member of Parliament,1,Yvon Godin,Member of Parliament,Yvon Godin,Member of Parliament
211786,2012-03-08,Yvon Godin,Member of Parliament,1,Yvon Godin,Member of Parliament,Yvon Godin,Member of Parliament
212761,2012-03-15,Yvon Godin,Member of Parliament,1,Yvon Godin,Member of Parliament,Yvon Godin,Member of Parliament
223380,2012-04-04,Yvon Godin,Member of Parliament,1,Yvon Godin,Member of Parliament,Yvon Godin,Member of Parliament
224128,2012-04-24,Yvon Godin,Member of Parliament,1,Yvon Godin,Member of Parliament,Yvon Godin,Member of Parliament
237032,2012-05-10,Yvon Godin,Member of Parliament,1,Yvon Godin,Member of Parliament,Yvon Godin,Member of Parliament
229537,2012-06-18,Yvon Godin,Member of Parliament,1,Yvon Godin,Member of Parliament,Yvon Godin,Member of Parliament
242172,2012-10-03,Yvon Godin,Member of Parliament,1,Yvon Godin,Member of Parliament,Yvon Godin,Member of Parliament
244644,2012-10-25,Yvon Godin,Member of Parliament,1,Yvon Godin,Member of Parliament,Yvon Godin,Member of Parliament
245775,2012-11-05,Yvon Godin,Member of Parliament,1,Yvon Godin,Member of Parliament,Yvon Godin,Member of Parliament
249514,2012-11-08,Yvon Godin,Member of Parliament,1,Yvon Godin,Member of Parliament,Yvon Godin,Member of Parliament
246891,2012-11-20,Yvon Godin,Member of Parliament,1,Yvon Godin,Member of Parliament,Yvon Godin,Member of Parliament
247578,2012-11-20,Yvon Godin,Member of Parliament,1,Yvon Godin,Member of Parliament,Yvon Godin,Member of Parliament
248077,2012-11-21,Yvon Godin,Member of Parliament,1,Yvon Godin,Member of Parliament,Yvon Godin,Member of Parliament
267089,2012-11-21,Yvon Godin,Member of Parliament,1,Yvon Godin,Member of Parliament,Yvon Godin,Member of Parliament
248698,2012-11-27,Yvon Godin,Member of Parliament,1,Yvon Godin,Member of Parliament,Yvon Godin,Member of Parliament
250965,2012-11-27,Yvon Godin,Member of Parliament,1,Yvon Godin,Member of Parliament,Yvon Godin,Member of Parliament
251991,2012-11-27,Yvon Godin,Member of Parliament,1,Yvon Godin,Member of Parliament,Yvon Godin,Member of Parliament
256329,2013-01-25,Yvon Godin,Member of Parliament,1,Yvon Godin,Member of Parliament,Yvon Godin,Member of Parliament
267072,2013-03-08,Yvon Godin,Member of Parliament,1,Yvon Godin,Member of Parliament,Yvon Godin,Member of Parliament
291791,2013-03-19,Yvon Godin,Member of Parliament,1,Yvon Godin,Member of Parliament,Yvon Godin,Member of Parliament
267863,2013-03-25,Yvon Godin,Member of Parliament,1,Yvon Godin,Member of Parliament,Yvon Godin,Member of Parliament
271832,2013-04-24,Yvon Godin,Member of Parliament,1,Yvon Godin,Member of Parliament,Yvon Godin,Member of Parliament
272077,2013-05-07,Yvon Godin,Member of Parliament,1,Yvon Godin,Member of Parliament,Yvon Godin,Member of Parliament
279494,2013-06-03,Yvon Godin,Member of Parliament,1,Yvon Godin,Member of Parliament,Yvon Godin,Member of Parliament
298452,2013-10-22,Yvon Godin,Member of Parliament,1,Yvon Godin,Member of Parliament,Yvon Godin,Member of Parliament
310230,2013-11-07,Yvon Godin,Member of Parliament,1,Yvon Godin,Member of Parliament,Yvon Godin,Member of Parliament
305689,2013-11-19,Yvon Godin,Member of Parliament,1,Yvon Godin,Member of Parliament,Yvon Godin,Member of Parliament
307570,2013-11-19,Yvon Godin,Member of Parliament,1,Yvon Godin,Member of Parliament,Yvon Godin,Member of Parliament
309814,2013-11-19,Yvon Godin,Member of Parliament,1,Yvon Godin,Member of Parliament,Yvon Godin,Member of Parliament
307849,2013-11-26,Yvon Godin,Member of Parliament,1,Yvon Godin,Member of Parliament,Yvon Godin,Member of Parliament
309933,2013-11-26,Yvon Godin,Member of Parliament,1,Yvon Godin,Member of Parliament,Yvon Godin,Member of Parliament
310084,2013-11-26,Yvon Godin,Member of Parliament,1,Yvon Godin,Member of Parliament,Yvon Godin,Member of Parliament
310691,2013-11-26,Yvon Godin,Member of Parliament,1,Yvon Godin,Member of Parliament,Yvon Godin,Member of Parliament
311233,2013-11-26,Yvon Godin,Member of Parliament,1,Yvon Godin,Member of Parliament,Yvon Godin,Member of Parliament
312600,2013-12-02,Yvon Godin,Member of Parliament,1,Yvon Godin,Member of Parliament,Yvon Godin,Member of Parliament
312868,2013-12-10,Yvon Godin,Member of Parliament,1,Yvon Godin,Member of Parliament,Yvon Godin,Member of Parliament
313217,2013-12-10,Yvon Godin,Member of Parliament,1,Yvon Godin,Member of Parliament,Yvon Godin,Member of Parliament
317215,2014-02-04,Yvon Godin,Member of Parliament,1,Yvon Godin,Member of Parliament,Yvon Godin,Member of Parliament
318569,2014-02-04,Yvon Godin,Member of Parliament,1,Yvon Godin,Member of Parliament,Yvon Godin,Member of Parliament
318628,2014-02-12,Yvon Godin,Member of Parliament,1,Yvon Godin,Member of Parliament,Yvon Godin,Member of Parliament
323784,2014-04-08,Yvon Godin,Member of Parliament,1,Yvon Godin,Member of Parliament,Yvon Godin,Member of Parliament
324179,2014-04-08,Yvon Godin,Member of Parliament,1,Yvon Godin,Member of Parliament,Yvon Godin,Member of Parliament
327013,2014-05-01,Yvon Godin,Member of Parliament,1,Yvon Godin,Member of Parliament,Yvon Godin,Member of Parliament
335564,2014-09-24,Yvon Godin,Member of Parliament,1,Yvon Godin,Member of Parliament,Yvon Godin,Member of Parliament
336670,2014-10-01,Yvon Godin,Member of Parliament,1,Yvon Godin,Member of Parliament,Yvon Godin,Member of Parliament
338187,2014-10-07,Yvon Godin,Member of Parliament,1,Yvon Godin,Member of Parliament,Yvon Godin,Member of Parliament
341148,2014-11-14,Yvon Godin,Member of Parliament,1,Yvon Godin,Member of Parliament,Yvon Godin,Member of Parliament
340188,2014-11-20,Yvon Godin,Member of Parliament,1,Yvon Godin,Member of Parliament,Yvon Godin,Member of Parliament
341354,2014-11-20,Yvon Godin,Member of Parliament,1,Yvon Godin,Member of Parliament,Yvon Godin,Member of Parliament
341267,2014-11-25,Yvon Godin,Member of Parliament,1,Yvon Godin,Member of Parliament,Yvon Godin,Member of Parliament
347722,2015-02-03,Yvon Godin,Member of Parliament,1,Yvon Godin,Member of Parliament,Yvon Godin,Member of Parliament
347783,2015-02-03,Yvon Godin,Member of Parliament,1,Yvon Godin,Member of Parliament,Yvon Godin,Member of Parliament
348176,2015-02-24,Yvon Godin,Member of Parliament,1,Yvon Godin,Member of Parliament,Yvon Godin,Member of Parliament
353040,2015-03-12,Yvon Godin,Member of Parliament,1,Yvon Godin,Member of Parliament,Yvon Godin,Member of Parliament
350158,2015-03-24,Yvon Godin,Member of Parliament,1,Yvon Godin,Member of Parliament,Yvon Godin,Member of Parliament
350664,2015-03-24,Yvon Godin,Member of Parliament,1,Yvon Godin,Member of Parliament,Yvon Godin,Member of Parliament
350264,2015-03-31,Yvon Godin,Member of Parliament,1,Yvon Godin,Member of Parliament,Yvon Godin,Member of Parliament
350265,2015-03-31,Yvon Godin,Member of Parliament,1,Yvon Godin,Member of Parliament,Yvon Godin,Member of Parliament
355799,2015-05-27,Yvon Godin,Member of Parliament,1,Yvon Godin,Member of Parliament,Yvon Godin,Member of Parliament
357933,2015-06-11,Yvon Godin,Member of Parliament,1,Yvon Godin,Member of Parliament,Yvon Godin,Member of Parliament
443378,2018-12-06,Yvon Godin,Member of Parliament,1,Yvon Godin,Member of Parliament,Yvon Godin,Member of Parliament
259769,2013-02-05,YVON GODIN,Member of Parliament,1,Yvon Godin,Member of Parliament,Yvon Godin,Member of Parliament
355352,2015-05-21,Yvon Jeghers,First Vice President,1,Yvon Jeghers,First Vice President,Yvon Jeghers,First Vice President
158231,2010-10-25,Yvon Levesque,Member of Parliament,1,Yvon Levesque,Member of Parliament,Yvon Levesque,Member of Parliament
159008,2010-10-26,Yvon Levesque,Member of Parliament,1,Yvon Levesque,Member of Parliament,Yvon Levesque,Member of Parliament
164464,2010-10-26,Yvon Levesque,Member of Parliament,1,Yvon Levesque,Member of Parliament,Yvon Levesque,Member of Parliament
161008,2010-11-18,Yvon Levesque,Member of Parliament,1,Yvon Levesque,Member of Parliament,Yvon Levesque,Member of Parliament
161221,2010-11-23,Yvon Levesque,Member of Parliament,1,Yvon Levesque,Member of Parliament,Yvon Levesque,Member of Parliament
166216,2011-01-31,Yvon Levesque,Member of Parliament,1,Yvon Levesque,Member of Parliament,Yvon Levesque,Member of Parliament
170842,2011-03-23,Yvon Levesque,Member of Parliament,1,Yvon Levesque,Member of Parliament,Yvon Levesque,Member of Parliament
170942,2011-03-23,Yvon Levesque,Member of Parliament,1,Yvon Levesque,Member of Parliament,Yvon Levesque,Member of Parliament
159358,2010-10-26,Yvon Lévesque,Member of Parliament,1,Yvon Levesque,Member of Parliament,Yvon Levesque,Member of Parliament
164865,2010-10-27,Yvon Lévesque,Member of Parliament,1,Yvon Levesque,Member of Parliament,Yvon Levesque,Member of Parliament
168961,2011-02-02,Yvon Lévesque,Member of Parliament,1,Yvon Levesque,Member of Parliament,Yvon Levesque,Member of Parliament
170491,2011-02-07,Yvon Lévesque,Member of Parliament,1,Yvon Levesque,Member of Parliament,Yvon Levesque,Member of Parliament
167753,2011-03-02,Yvon Lévesque,Member of Parliament,1,Yvon Levesque,Member of Parliament,Yvon Levesque,Member of Parliament
167798,2011-03-02,Yvon Lévesque,Member of Parliament,1,Yvon Levesque,Member of Parliament,Yvon Levesque,Member of Parliament
588772,2023-11-22,Yvon  Long,Advisor,1,Yvon Long,Advisor,Yvon Long,Advisor
428480,2018-05-08,Yvon Long,Legislative Assistant,1,Yvon Long,Legislative Assistant,Yvon Long,Advisor
429295,2018-05-30,Yvon Long,Staffer to Senator,1,Yvon Long,Staffer to Senator,Yvon Long,Advisor
149688,2010-02-16,Yvon Martel,Chief Scientist,1,Yvon Martel,Chief Scientist,Yvon Martel,"Chief Scientist, International"
189250,2011-03-10,Yvon Martel,"Chief Scientist, International",1,Yvon Martel,"Chief Scientist, International",Yvon Martel,"Chief Scientist, International"
427528,2018-05-23,Yvonne Boyer,Senator,1,Yvonne Boyer,Senator,Yvonne Boyer,Senator
428092,2018-05-23,Yvonne Boyer,Senator,1,Yvonne Boyer,Senator,Yvonne Boyer,Senator
428796,2018-05-23,Yvonne Boyer,Senator,1,Yvonne Boyer,Senator,Yvonne Boyer,Senator
445069,2019-02-07,Yvonne Boyer,Senator,1,Yvonne Boyer,Senator,Yvonne Boyer,Senator
452667,2019-04-08,Yvonne Boyer,Senator,1,Yvonne Boyer,Senator,Yvonne Boyer,Senator
452672,2019-04-08,Yvonne Boyer,Senator,1,Yvonne Boyer,Senator,Yvonne Boyer,Senator
449559,2019-04-11,Yvonne Boyer,Senator,1,Yvonne Boyer,Senator,Yvonne Boyer,Senator
455432,2019-05-08,Yvonne Boyer,Senator,1,Yvonne Boyer,Senator,Yvonne Boyer,Senator
455442,2019-05-08,Yvonne Boyer,Senator,1,Yvonne Boyer,Senator,Yvonne Boyer,Senator
504913,2021-04-15,Yvonne Boyer,Senator,1,Yvonne Boyer,Senator,Yvonne Boyer,Senator
504461,2021-04-29,Yvonne Boyer,Senator,1,Yvonne Boyer,Senator,Yvonne Boyer,Senator
506188,2021-05-10,Yvonne Boyer,Senator,1,Yvonne Boyer,Senator,Yvonne Boyer,Senator
563112,2023-03-08,Yvonne Boyer,Senator,1,Yvonne Boyer,Senator,Yvonne Boyer,Senator
588454,2023-11-15,Yvonne Boyer,Senator,1,Yvonne Boyer,Senator,Yvonne Boyer,Senator
599195,2024-03-21,Yvonne Boyer,Senator,1,Yvonne Boyer,Senator,Yvonne Boyer,Senator
460682,2019-10-29,Yvonne Chin,Regional Director,1,Yvonne Chin,Regional Director,Yvonne Chin,Regional Director
533085,2022-05-11,Yvonne Grunenthaler,Trade Commissioner,1,Yvonne Grunenthaler,Trade Commissioner,Yvonne Grunenthaler,Trade Commissioner
533112,2022-05-11,Yvonne Grunenthaler,Trade Commissioner,1,Yvonne Grunenthaler,Trade Commissioner,Yvonne Grunenthaler,Trade Commissioner
487005,2020-10-27,Yvonne Hundey,Constituency Assistant,1,Yvonne Hundey,Constituency Assistant,Yvonne Hundey,Constituency Assistant
351506,2015-03-25,Yvonne Johnes,Member of Parliament,1,Yvonne Johnes,Member of Parliament,Yvonne Jones,Member of Parliament
306571,2013-10-21,Yvonne Jones,Member of Parliament,1,Yvonne Jones,Member of Parliament,Yvonne Jones,Member of Parliament
307953,2013-11-06,Yvonne Jones,Member of Parliament,1,Yvonne Jones,Member of Parliament,Yvonne Jones,Member of Parliament
310210,2013-11-06,Yvonne Jones,Member of Parliament,1,Yvonne Jones,Member of Parliament,Yvonne Jones,Member of Parliament
317474,2014-02-26,Yvonne Jones,Member of Parliament,1,Yvonne Jones,Member of Parliament,Yvonne Jones,Member of Parliament
327360,2014-05-26,Yvonne Jones,Member of Parliament,1,Yvonne Jones,Member of Parliament,Yvonne Jones,Member of Parliament
327695,2014-05-26,Yvonne Jones,Member of Parliament,1,Yvonne Jones,Member of Parliament,Yvonne Jones,Member of Parliament
327993,2014-05-26,Yvonne Jones,Member of Parliament,1,Yvonne Jones,Member of Parliament,Yvonne Jones,Member of Parliament
330484,2014-05-26,Yvonne Jones,Member of Parliament,1,Yvonne Jones,Member of Parliament,Yvonne Jones,Member of Parliament
331584,2014-07-06,Yvonne Jones,Member of Parliament,1,Yvonne Jones,Member of Parliament,Yvonne Jones,Member of Parliament
336920,2014-10-01,Yvonne Jones,Member of Parliament,1,Yvonne Jones,Member of Parliament,Yvonne Jones,Member of Parliament
338391,2014-10-03,Yvonne Jones,Member of Parliament,1,Yvonne Jones,Member of Parliament,Yvonne Jones,Member of Parliament
338392,2014-10-20,Yvonne Jones,Member of Parliament,1,Yvonne Jones,Member of Parliament,Yvonne Jones,Member of Parliament
337492,2014-11-03,Yvonne Jones,Member of Parliament,1,Yvonne Jones,Member of Parliament,Yvonne Jones,Member of Parliament
341230,2014-11-17,Yvonne Jones,Member of Parliament,1,Yvonne Jones,Member of Parliament,Yvonne Jones,Member of Parliament
340984,2014-11-19,Yvonne Jones,Member of Parliament,1,Yvonne Jones,Member of Parliament,Yvonne Jones,Member of Parliament
342061,2014-11-19,Yvonne Jones,Member of Parliament,1,Yvonne Jones,Member of Parliament,Yvonne Jones,Member of Parliament
341783,2014-11-20,Yvonne Jones,Member of Parliament,1,Yvonne Jones,Member of Parliament,Yvonne Jones,Member of Parliament
351482,2015-03-25,Yvonne Jones,Member of Parliament,1,Yvonne Jones,Member of Parliament,Yvonne Jones,Member of Parliament
351018,2015-03-26,Yvonne Jones,Member of Parliament,1,Yvonne Jones,Member of Parliament,Yvonne Jones,Member of Parliament
350253,2015-04-01,Yvonne Jones,Member of Parliament,1,Yvonne Jones,Member of Parliament,Yvonne Jones,Member of Parliament
352908,2015-04-22,Yvonne Jones,Member of Parliament,1,Yvonne Jones,Member of Parliament,Yvonne Jones,Member of Parliament
355581,2015-05-05,Yvonne Jones,Member of Parliament,1,Yvonne Jones,Member of Parliament,Yvonne Jones,Member of Parliament
355607,2015-05-05,Yvonne Jones,Member of Parliament,1,Yvonne Jones,Member of Parliament,Yvonne Jones,Member of Parliament
355128,2015-05-11,Yvonne Jones,Member of Parliament,1,Yvonne Jones,Member of Parliament,Yvonne Jones,Member of Parliament
355112,2015-05-12,Yvonne Jones,Member of Parliament,1,Yvonne Jones,Member of Parliament,Yvonne Jones,Member of Parliament
356553,2015-05-28,Yvonne Jones,Member of Parliament,1,Yvonne Jones,Member of Parliament,Yvonne Jones,Member of Parliament
359207,2015-07-14,Yvonne Jones,Member of Parliament,1,Yvonne Jones,Member of Parliament,Yvonne Jones,Member of Parliament
364926,2015-12-10,Yvonne Jones,Member of Parliament,1,Yvonne Jones,Member of Parliament,Yvonne Jones,Member of Parliament
366540,2015-12-10,Yvonne Jones,Parliamentary Secretary,1,Yvonne Jones,Parliamentary Secretary,Yvonne Jones,Member of Parliament
368000,2016-01-27,Yvonne Jones,Parliamentary Secretary,1,Yvonne Jones,Parliamentary Secretary,Yvonne Jones,Member of Parliament
367866,2016-02-01,Yvonne Jones,Member of Parliament,1,Yvonne Jones,Member of Parliament,Yvonne Jones,Member of Parliament
369540,2016-02-01,Yvonne Jones,Parliamentary Secretary,1,Yvonne Jones,Parliamentary Secretary,Yvonne Jones,Member of Parliament
370596,2016-02-02,Yvonne Jones,Parliamentary Secretary,1,Yvonne Jones,Parliamentary Secretary,Yvonne Jones,Member of Parliament
372152,2016-02-04,Yvonne Jones,Member of Parliament,1,Yvonne Jones,Member of Parliament,Yvonne Jones,Member of Parliament
371965,2016-02-16,Yvonne Jones,Member of Parliament,1,Yvonne Jones,Member of Parliament,Yvonne Jones,Member of Parliament
371133,2016-02-17,Yvonne Jones,Member of Parliament,1,Yvonne Jones,Member of Parliament,Yvonne Jones,Member of Parliament
372501,2016-02-17,Yvonne Jones,Member of Parliament,1,Yvonne Jones,Member of Parliament,Yvonne Jones,Member of Parliament
370190,2016-02-18,Yvonne Jones,Member of Parliament,1,Yvonne Jones,Member of Parliament,Yvonne Jones,Member of Parliament
372722,2016-02-18,Yvonne Jones,Parliamentary Secretary,1,Yvonne Jones,Parliamentary Secretary,Yvonne Jones,Member of Parliament
370219,2016-02-24,Yvonne Jones,Member of Parliament,1,Yvonne Jones,Member of Parliament,Yvonne Jones,Member of Parliament
370227,2016-02-25,Yvonne Jones,Member of Parliament,1,Yvonne Jones,Member of Parliament,Yvonne Jones,Member of Parliament
370229,2016-02-25,Yvonne Jones,Member of Parliament,1,Yvonne Jones,Member of Parliament,Yvonne Jones,Member of Parliament
372637,2016-02-25,Yvonne Jones,Parliamentary Secretary,1,Yvonne Jones,Parliamentary Secretary,Yvonne Jones,Member of Parliament
372642,2016-02-25,Yvonne Jones,Parliamentary Secretary,1,Yvonne Jones,Parliamentary Secretary,Yvonne Jones,Member of Parliament
370573,2016-03-02,Yvonne Jones,Parliamentary Secretary,1,Yvonne Jones,Parliamentary Secretary,Yvonne Jones,Member of Parliament
373412,2016-03-21,Yvonne Jones,Member of Parliament,1,Yvonne Jones,Member of Parliament,Yvonne Jones,Member of Parliament
377370,2016-04-13,Yvonne Jones,Parliamentary Secretary,1,Yvonne Jones,Parliamentary Secretary,Yvonne Jones,Member of Parliament
377147,2016-04-14,Yvonne Jones,Member of Parliament,1,Yvonne Jones,Member of Parliament,Yvonne Jones,Member of Parliament
377161,2016-04-14,Yvonne Jones,Parliamentary Secretary,1,Yvonne Jones,Parliamentary Secretary,Yvonne Jones,Member of Parliament
379893,2016-05-03,Yvonne Jones,Member of Parliament,1,Yvonne Jones,Member of Parliament,Yvonne Jones,Member of Parliament
377697,2016-05-10,Yvonne Jones,Member of Parliament,1,Yvonne Jones,Member of Parliament,Yvonne Jones,Member of Parliament
377667,2016-05-11,Yvonne Jones,Member of Parliament,1,Yvonne Jones,Member of Parliament,Yvonne Jones,Member of Parliament
377995,2016-05-27,Yvonne Jones,Member of Parliament,1,Yvonne Jones,Member of Parliament,Yvonne Jones,Member of Parliament
378290,2016-05-27,Yvonne Jones,Member of Parliament,1,Yvonne Jones,Member of Parliament,Yvonne Jones,Member of Parliament
379287,2016-05-27,Yvonne Jones,Member of Parliament,1,Yvonne Jones,Member of Parliament,Yvonne Jones,Member of Parliament
380584,2016-06-13,Yvonne Jones,Member of Parliament,1,Yvonne Jones,Member of Parliament,Yvonne Jones,Member of Parliament
381315,2016-06-13,Yvonne Jones,Member of Parliament,1,Yvonne Jones,Member of Parliament,Yvonne Jones,Member of Parliament
387594,2016-10-18,Yvonne Jones,Member of Parliament,1,Yvonne Jones,Member of Parliament,Yvonne Jones,Member of Parliament
390921,2016-11-01,Yvonne Jones,Member of Parliament,1,Yvonne Jones,Member of Parliament,Yvonne Jones,Member of Parliament
391566,2016-11-01,Yvonne Jones,Member of Parliament,1,Yvonne Jones,Member of Parliament,Yvonne Jones,Member of Parliament
390127,2016-11-03,Yvonne Jones,Parliamentary Secretary,1,Yvonne Jones,Parliamentary Secretary,Yvonne Jones,Member of Parliament
388872,2016-11-21,Yvonne Jones,Member of Parliament,1,Yvonne Jones,Member of Parliament,Yvonne Jones,Member of Parliament
389560,2016-11-21,Yvonne Jones,Member of Parliament,1,Yvonne Jones,Member of Parliament,Yvonne Jones,Member of Parliament
389723,2016-12-06,Yvonne Jones,Parliamentary Secretary,1,Yvonne Jones,Parliamentary Secretary,Yvonne Jones,Member of Parliament
390003,2016-12-07,Yvonne Jones,Parliamentary Secretary,1,Yvonne Jones,Parliamentary Secretary,Yvonne Jones,Member of Parliament
392559,2016-12-13,Yvonne Jones,Member of Parliament,1,Yvonne Jones,Member of Parliament,Yvonne Jones,Member of Parliament
395549,2017-02-15,Yvonne Jones,Member of Parliament,1,Yvonne Jones,Member of Parliament,Yvonne Jones,Member of Parliament
394709,2017-02-15,Yvonne Jones,Parliamentary Secretary,1,Yvonne Jones,Parliamentary Secretary,Yvonne Jones,Member of Parliament
395764,2017-02-23,Yvonne Jones,Parliamentary Secretary,1,Yvonne Jones,Parliamentary Secretary,Yvonne Jones,Member of Parliament
399174,2017-03-06,Yvonne Jones,Member of Parliament,1,Yvonne Jones,Member of Parliament,Yvonne Jones,Member of Parliament
395886,2017-03-07,Yvonne Jones,Member of Parliament,1,Yvonne Jones,Member of Parliament,Yvonne Jones,Member of Parliament
398983,2017-03-07,Yvonne Jones,Member of Parliament,1,Yvonne Jones,Member of Parliament,Yvonne Jones,Member of Parliament
395501,2017-03-08,Yvonne Jones,Member of Parliament,1,Yvonne Jones,Member of Parliament,Yvonne Jones,Member of Parliament
397264,2017-03-20,Yvonne Jones,Member of Parliament,1,Yvonne Jones,Member of Parliament,Yvonne Jones,Member of Parliament
397325,2017-03-20,Yvonne Jones,Member of Parliament,1,Yvonne Jones,Member of Parliament,Yvonne Jones,Member of Parliament
400397,2017-04-05,Yvonne Jones,Member of Parliament,1,Yvonne Jones,Member of Parliament,Yvonne Jones,Member of Parliament
406125,2017-05-04,Yvonne Jones,Member of Parliament,1,Yvonne Jones,Member of Parliament,Yvonne Jones,Member of Parliament
402626,2017-05-04,Yvonne Jones,Parliamentary Secretary,1,Yvonne Jones,Parliamentary Secretary,Yvonne Jones,Member of Parliament
403139,2017-05-09,Yvonne Jones,Member of Parliament,1,Yvonne Jones,Member of Parliament,Yvonne Jones,Member of Parliament
403420,2017-05-09,Yvonne Jones,Member of Parliament,1,Yvonne Jones,Member of Parliament,Yvonne Jones,Member of Parliament
403994,2017-05-09,Yvonne Jones,Member of Parliament,1,Yvonne Jones,Member of Parliament,Yvonne Jones,Member of Parliament
403002,2017-05-10,Yvonne Jones,Member of Parliament,1,Yvonne Jones,Member of Parliament,Yvonne Jones,Member of Parliament
403995,2017-05-10,Yvonne Jones,Member of Parliament,1,Yvonne Jones,Member of Parliament,Yvonne Jones,Member of Parliament
403548,2017-05-11,Yvonne Jones,Parliamentary Secretary,1,Yvonne Jones,Parliamentary Secretary,Yvonne Jones,Member of Parliament
404337,2017-05-11,Yvonne Jones,Parliamentary Secretary,1,Yvonne Jones,Parliamentary Secretary,Yvonne Jones,Member of Parliament
401932,2017-05-16,Yvonne Jones,Member of Parliament,1,Yvonne Jones,Member of Parliament,Yvonne Jones,Member of Parliament
403657,2017-05-16,Yvonne Jones,Member of Parliament,1,Yvonne Jones,Member of Parliament,Yvonne Jones,Member of Parliament
403677,2017-05-16,Yvonne Jones,Member of Parliament,1,Yvonne Jones,Member of Parliament,Yvonne Jones,Member of Parliament
402270,2017-05-30,Yvonne Jones,Member of Parliament,1,Yvonne Jones,Member of Parliament,Yvonne Jones,Member of Parliament
403350,2017-05-30,Yvonne Jones,Parliamentary Secretary,1,Yvonne Jones,Parliamentary Secretary,Yvonne Jones,Member of Parliament
403598,2017-06-05,Yvonne Jones,Member of Parliament,1,Yvonne Jones,Member of Parliament,Yvonne Jones,Member of Parliament
407141,2017-08-23,Yvonne Jones,Member of Parliament,1,Yvonne Jones,Member of Parliament,Yvonne Jones,Member of Parliament
410359,2017-09-15,Yvonne Jones,Member of Parliament,1,Yvonne Jones,Member of Parliament,Yvonne Jones,Member of Parliament
410193,2017-09-21,Yvonne Jones,Member of Parliament,1,Yvonne Jones,Member of Parliament,Yvonne Jones,Member of Parliament
410199,2017-09-21,Yvonne Jones,Member of Parliament,1,Yvonne Jones,Member of Parliament,Yvonne Jones,Member of Parliament
409718,2017-09-26,Yvonne Jones,Member of Parliament,1,Yvonne Jones,Member of Parliament,Yvonne Jones,Member of Parliament
411203,2017-10-03,Yvonne Jones,Member of Parliament,1,Yvonne Jones,Member of Parliament,Yvonne Jones,Member of Parliament
429600,2017-10-03,Yvonne Jones,Member of Parliament,1,Yvonne Jones,Member of Parliament,Yvonne Jones,Member of Parliament
411951,2017-10-05,Yvonne Jones,Member of Parliament,1,Yvonne Jones,Member of Parliament,Yvonne Jones,Member of Parliament
413637,2017-10-16,Yvonne Jones,Member of Parliament,1,Yvonne Jones,Member of Parliament,Yvonne Jones,Member of Parliament
411552,2017-10-17,Yvonne Jones,Member of Parliament,1,Yvonne Jones,Member of Parliament,Yvonne Jones,Member of Parliament
413477,2017-10-18,Yvonne Jones,Member of Parliament,1,Yvonne Jones,Member of Parliament,Yvonne Jones,Member of Parliament
412170,2017-10-19,Yvonne Jones,Member of Parliament,1,Yvonne Jones,Member of Parliament,Yvonne Jones,Member of Parliament
415206,2017-11-07,Yvonne Jones,Member of Parliament,1,Yvonne Jones,Member of Parliament,Yvonne Jones,Member of Parliament
415399,2017-11-21,Yvonne Jones,Member of Parliament,1,Yvonne Jones,Member of Parliament,Yvonne Jones,Member of Parliament
414945,2017-11-22,Yvonne Jones,Member of Parliament,1,Yvonne Jones,Member of Parliament,Yvonne Jones,Member of Parliament
417589,2017-12-13,Yvonne Jones,Member of Parliament,1,Yvonne Jones,Member of Parliament,Yvonne Jones,Member of Parliament
422416,2018-02-02,Yvonne Jones,Member of Parliament,1,Yvonne Jones,Member of Parliament,Yvonne Jones,Member of Parliament
422419,2018-02-03,Yvonne Jones,Member of Parliament,1,Yvonne Jones,Member of Parliament,Yvonne Jones,Member of Parliament
423785,2018-03-06,Yvonne Jones,Member of Parliament,1,Yvonne Jones,Member of Parliament,Yvonne Jones,Member of Parliament
424484,2018-03-08,Yvonne Jones,Member of Parliament,1,Yvonne Jones,Member of Parliament,Yvonne Jones,Member of Parliament
426723,2018-04-18,Yvonne Jones,Member of Parliament,1,Yvonne Jones,Member of Parliament,Yvonne Jones,Member of Parliament
424967,2018-04-24,Yvonne Jones,Member of Parliament,1,Yvonne Jones,Member of Parliament,Yvonne Jones,Member of Parliament
425027,2018-04-24,Yvonne Jones,Member of Parliament,1,Yvonne Jones,Member of Parliament,Yvonne Jones,Member of Parliament
425030,2018-04-24,Yvonne Jones,Member of Parliament,1,Yvonne Jones,Member of Parliament,Yvonne Jones,Member of Parliament
425198,2018-04-24,Yvonne Jones,Member of Parliament,1,Yvonne Jones,Member of Parliament,Yvonne Jones,Member of Parliament
429897,2018-04-24,Yvonne Jones,Parliamentary Secretary,1,Yvonne Jones,Parliamentary Secretary,Yvonne Jones,Member of Parliament
425602,2018-04-25,Yvonne Jones,Member of Parliament,1,Yvonne Jones,Member of Parliament,Yvonne Jones,Member of Parliament
425903,2018-04-25,Yvonne Jones,Member of Parliament,1,Yvonne Jones,Member of Parliament,Yvonne Jones,Member of Parliament
431488,2018-04-25,Yvonne Jones,Member of Parliament,1,Yvonne Jones,Member of Parliament,Yvonne Jones,Member of Parliament
426031,2018-04-26,Yvonne Jones,Member of Parliament,1,Yvonne Jones,Member of Parliament,Yvonne Jones,Member of Parliament
425645,2018-04-30,Yvonne Jones,Member of Parliament,1,Yvonne Jones,Member of Parliament,Yvonne Jones,Member of Parliament
427602,2018-05-02,Yvonne Jones,Parliamentary Secretary,1,Yvonne Jones,Parliamentary Secretary,Yvonne Jones,Member of Parliament
425795,2018-05-09,Yvonne Jones,Member of Parliament,1,Yvonne Jones,Member of Parliament,Yvonne Jones,Member of Parliament
427718,2018-05-24,Yvonne Jones,Member of Parliament,1,Yvonne Jones,Member of Parliament,Yvonne Jones,Member of Parliament
427667,2018-05-29,Yvonne Jones,Member of Parliament,1,Yvonne Jones,Member of Parliament,Yvonne Jones,Member of Parliament
429046,2018-06-13,Yvonne Jones,Member of Parliament,1,Yvonne Jones,Member of Parliament,Yvonne Jones,Member of Parliament
430923,2018-06-19,Yvonne Jones,Member of Parliament,1,Yvonne Jones,Member of Parliament,Yvonne Jones,Member of Parliament
433075,2018-08-28,Yvonne Jones,Member of Parliament,1,Yvonne Jones,Member of Parliament,Yvonne Jones,Member of Parliament
434478,2018-09-12,Yvonne Jones,Parliamentary Secretary,1,Yvonne Jones,Parliamentary Secretary,Yvonne Jones,Member of Parliament
437336,2018-10-18,Yvonne Jones,Member of Parliament,1,Yvonne Jones,Member of Parliament,Yvonne Jones,Member of Parliament
436745,2018-10-30,Yvonne Jones,Member of Parliament,1,Yvonne Jones,Member of Parliament,Yvonne Jones,Member of Parliament
439729,2018-10-30,Yvonne Jones,Member of Parliament,1,Yvonne Jones,Member of Parliament,Yvonne Jones,Member of Parliament
438252,2018-10-31,Yvonne Jones,Parliamentary Secretary,1,Yvonne Jones,Parliamentary Secretary,Yvonne Jones,Member of Parliament
441480,2018-11-06,Yvonne Jones,Member of Parliament,1,Yvonne Jones,Member of Parliament,Yvonne Jones,Member of Parliament
442683,2018-11-19,Yvonne Jones,Member of Parliament,1,Yvonne Jones,Member of Parliament,Yvonne Jones,Member of Parliament
442507,2018-11-20,Yvonne Jones,Member of Parliament,1,Yvonne Jones,Member of Parliament,Yvonne Jones,Member of Parliament
442685,2018-11-20,Yvonne Jones,Member of Parliament,1,Yvonne Jones,Member of Parliament,Yvonne Jones,Member of Parliament
442689,2018-11-20,Yvonne Jones,Member of Parliament,1,Yvonne Jones,Member of Parliament,Yvonne Jones,Member of Parliament
441899,2018-11-20,Yvonne Jones,Parliamentary Secretary,1,Yvonne Jones,Parliamentary Secretary,Yvonne Jones,Member of Parliament
441950,2018-12-06,Yvonne Jones,Parliamentary Secretary,1,Yvonne Jones,Parliamentary Secretary,Yvonne Jones,Member of Parliament
444982,2019-01-29,Yvonne Jones,Parliamentary Secretary,1,Yvonne Jones,Parliamentary Secretary,Yvonne Jones,Member of Parliament
445947,2019-02-19,Yvonne Jones,Member of Parliament,1,Yvonne Jones,Member of Parliament,Yvonne Jones,Member of Parliament
449502,2019-04-10,Yvonne Jones,Member of Parliament,1,Yvonne Jones,Member of Parliament,Yvonne Jones,Member of Parliament
456733,2019-05-01,Yvonne Jones,Member of Parliament,1,Yvonne Jones,Member of Parliament,Yvonne Jones,Member of Parliament
452729,2019-05-15,Yvonne Jones,Member of Parliament,1,Yvonne Jones,Member of Parliament,Yvonne Jones,Member of Parliament
464924,2020-01-30,Yvonne Jones,Member of Parliament,1,Yvonne Jones,Member of Parliament,Yvonne Jones,Member of Parliament
465711,2020-02-05,Yvonne Jones,Member of Parliament,1,Yvonne Jones,Member of Parliament,Yvonne Jones,Member of Parliament
468631,2020-02-05,Yvonne Jones,Member of Parliament,1,Yvonne Jones,Member of Parliament,Yvonne Jones,Member of Parliament
463502,2020-02-06,Yvonne Jones,Parliamentary Secretary,1,Yvonne Jones,Parliamentary Secretary,Yvonne Jones,Member of Parliament
468010,2020-02-07,Yvonne Jones,Member of Parliament,1,Yvonne Jones,Member of Parliament,Yvonne Jones,Member of Parliament
467911,2020-02-07,Yvonne Jones,Parliamentary Secretary,1,Yvonne Jones,Parliamentary Secretary,Yvonne Jones,Member of Parliament
465530,2020-02-20,Yvonne Jones,Member of Parliament,1,Yvonne Jones,Member of Parliament,Yvonne Jones,Member of Parliament
466618,2020-02-25,Yvonne Jones,Constituency Assistant,1,Yvonne Jones,Constituency Assistant,Yvonne Jones,Member of Parliament
465881,2020-02-25,Yvonne Jones,Member of Parliament,1,Yvonne Jones,Member of Parliament,Yvonne Jones,Member of Parliament
467354,2020-02-25,Yvonne Jones,Member of Parliament,1,Yvonne Jones,Member of Parliament,Yvonne Jones,Member of Parliament
467467,2020-02-25,Yvonne Jones,Member of Parliament,1,Yvonne Jones,Member of Parliament,Yvonne Jones,Member of Parliament
470764,2020-03-01,Yvonne Jones,Parliamentary Secretary,1,Yvonne Jones,Parliamentary Secretary,Yvonne Jones,Member of Parliament
470759,2020-03-02,Yvonne Jones,Member of Parliament,1,Yvonne Jones,Member of Parliament,Yvonne Jones,Member of Parliament
479797,2020-04-02,Yvonne Jones,Member of Parliament,1,Yvonne Jones,Member of Parliament,Yvonne Jones,Member of Parliament
473506,2020-04-06,Yvonne Jones,Member of Parliament,1,Yvonne Jones,Member of Parliament,Yvonne Jones,Member of Parliament
472296,2020-04-06,Yvonne Jones,Parliamentary Secretary,1,Yvonne Jones,Parliamentary Secretary,Yvonne Jones,Member of Parliament
470770,2020-04-15,Yvonne Jones,Parliamentary Secretary,1,Yvonne Jones,Parliamentary Secretary,Yvonne Jones,Member of Parliament
474271,2020-05-13,Yvonne Jones,Member of Parliament,1,Yvonne Jones,Member of Parliament,Yvonne Jones,Member of Parliament
477878,2020-06-11,Yvonne Jones,Member of Parliament,1,Yvonne Jones,Member of Parliament,Yvonne Jones,Member of Parliament
481265,2020-08-02,Yvonne Jones,Member of Parliament,1,Yvonne Jones,Member of Parliament,Yvonne Jones,Member of Parliament
478827,2020-08-04,Yvonne Jones,Parliamentary Secretary,1,Yvonne Jones,Parliamentary Secretary,Yvonne Jones,Member of Parliament
484746,2020-09-04,Yvonne Jones,Member of Parliament,1,Yvonne Jones,Member of Parliament,Yvonne Jones,Member of Parliament
487927,2020-10-28,Yvonne Jones,Parliamentary Secretary,1,Yvonne Jones,Parliamentary Secretary,Yvonne Jones,Member of Parliament
490341,2020-11-03,Yvonne Jones,Member of Parliament,1,Yvonne Jones,Member of Parliament,Yvonne Jones,Member of Parliament
488412,2020-11-18,Yvonne Jones,Parliamentary Secretary,1,Yvonne Jones,Parliamentary Secretary,Yvonne Jones,Member of Parliament
488558,2020-11-18,Yvonne Jones,Parliamentary Secretary,1,Yvonne Jones,Parliamentary Secretary,Yvonne Jones,Member of Parliament
490113,2020-11-19,Yvonne Jones,Member of Parliament,1,Yvonne Jones,Member of Parliament,Yvonne Jones,Member of Parliament
490915,2020-11-19,Yvonne Jones,Parliamentary Secretary,1,Yvonne Jones,Parliamentary Secretary,Yvonne Jones,Member of Parliament
488839,2020-11-30,Yvonne Jones,Member of Parliament,1,Yvonne Jones,Member of Parliament,Yvonne Jones,Member of Parliament
489241,2020-11-30,Yvonne Jones,Member of Parliament,1,Yvonne Jones,Member of Parliament,Yvonne Jones,Member of Parliament
489645,2020-11-30,Yvonne Jones,Member of Parliament,1,Yvonne Jones,Member of Parliament,Yvonne Jones,Member of Parliament
489824,2020-11-30,Yvonne Jones,Member of Parliament,1,Yvonne Jones,Member of Parliament,Yvonne Jones,Member of Parliament
491386,2020-12-08,Yvonne Jones,Member of Parliament,1,Yvonne Jones,Member of Parliament,Yvonne Jones,Member of Parliament
494815,2021-01-13,Yvonne Jones,Member of Parliament,1,Yvonne Jones,Member of Parliament,Yvonne Jones,Member of Parliament
496520,2021-01-18,Yvonne Jones,Member of Parliament,1,Yvonne Jones,Member of Parliament,Yvonne Jones,Member of Parliament
493990,2021-01-22,Yvonne Jones,Member of Parliament,1,Yvonne Jones,Member of Parliament,Yvonne Jones,Member of Parliament
493991,2021-01-22,Yvonne Jones,Member of Parliament,1,Yvonne Jones,Member of Parliament,Yvonne Jones,Member of Parliament
494023,2021-01-22,Yvonne Jones,Member of Parliament,1,Yvonne Jones,Member of Parliament,Yvonne Jones,Member of Parliament
494237,2021-01-22,Yvonne Jones,Member of Parliament,1,Yvonne Jones,Member of Parliament,Yvonne Jones,Member of Parliament
496515,2021-01-22,Yvonne Jones,Member of Parliament,1,Yvonne Jones,Member of Parliament,Yvonne Jones,Member of Parliament
494019,2021-01-22,Yvonne Jones,Parliamentary Secretary,1,Yvonne Jones,Parliamentary Secretary,Yvonne Jones,Member of Parliament
501095,2021-03-09,Yvonne Jones,Member of Parliament,1,Yvonne Jones,Member of Parliament,Yvonne Jones,Member of Parliament
499390,2021-03-11,Yvonne Jones,Member of Parliament,1,Yvonne Jones,Member of Parliament,Yvonne Jones,Member of Parliament
499797,2021-03-11,Yvonne Jones,Member of Parliament,1,Yvonne Jones,Member of Parliament,Yvonne Jones,Member of Parliament
501036,2021-03-31,Yvonne Jones,Member of Parliament,1,Yvonne Jones,Member of Parliament,Yvonne Jones,Member of Parliament
505960,2021-04-22,Yvonne Jones,Member of Parliament,1,Yvonne Jones,Member of Parliament,Yvonne Jones,Member of Parliament
505327,2021-04-29,Yvonne Jones,Member of Parliament,1,Yvonne Jones,Member of Parliament,Yvonne Jones,Member of Parliament
508824,2021-05-17,Yvonne Jones,Member of Parliament,1,Yvonne Jones,Member of Parliament,Yvonne Jones,Member of Parliament
507967,2021-05-25,Yvonne Jones,Member of Parliament,1,Yvonne Jones,Member of Parliament,Yvonne Jones,Member of Parliament
508170,2021-05-27,Yvonne Jones,Member of Parliament,1,Yvonne Jones,Member of Parliament,Yvonne Jones,Member of Parliament
510852,2021-06-08,Yvonne Jones,Member of Parliament,1,Yvonne Jones,Member of Parliament,Yvonne Jones,Member of Parliament
515024,2021-10-19,Yvonne Jones,Member of Parliament,1,Yvonne Jones,Member of Parliament,Yvonne Jones,Member of Parliament
517869,2021-11-18,Yvonne Jones,Member of Parliament,1,Yvonne Jones,Member of Parliament,Yvonne Jones,Member of Parliament
517960,2021-11-18,Yvonne Jones,Member of Parliament,1,Yvonne Jones,Member of Parliament,Yvonne Jones,Member of Parliament
519615,2021-12-06,Yvonne Jones,Member of Parliament,1,Yvonne Jones,Member of Parliament,Yvonne Jones,Member of Parliament
522887,2022-01-14,Yvonne Jones,Member of Parliament,1,Yvonne Jones,Member of Parliament,Yvonne Jones,Member of Parliament
521370,2022-01-20,Yvonne Jones,Member of Parliament,1,Yvonne Jones,Member of Parliament,Yvonne Jones,Member of Parliament
522664,2022-01-25,Yvonne Jones,Member of Parliament,1,Yvonne Jones,Member of Parliament,Yvonne Jones,Member of Parliament
528034,2022-03-03,Yvonne Jones,Member of Parliament,1,Yvonne Jones,Member of Parliament,Yvonne Jones,Member of Parliament
528176,2022-03-03,Yvonne Jones,Parliamentary Secretary,1,Yvonne Jones,Parliamentary Secretary,Yvonne Jones,Member of Parliament
527855,2022-03-04,Yvonne Jones,Member of Parliament,1,Yvonne Jones,Member of Parliament,Yvonne Jones,Member of Parliament
530599,2022-04-26,Yvonne Jones,Member of Parliament,1,Yvonne Jones,Member of Parliament,Yvonne Jones,Member of Parliament
531773,2022-04-26,Yvonne Jones,Member of Parliament,1,Yvonne Jones,Member of Parliament,Yvonne Jones,Member of Parliament
530295,2022-04-28,Yvonne Jones,Parliamentary Secretary,1,Yvonne Jones,Parliamentary Secretary,Yvonne Jones,Member of Parliament
535307,2022-05-05,Yvonne Jones,Member of Parliament,1,Yvonne Jones,Member of Parliament,Yvonne Jones,Member of Parliament
535701,2022-05-05,Yvonne Jones,Member of Parliament,1,Yvonne Jones,Member of Parliament,Yvonne Jones,Member of Parliament
535278,2022-05-10,Yvonne Jones,Member of Parliament,1,Yvonne Jones,Member of Parliament,Yvonne Jones,Member of Parliament
537658,2022-06-07,Yvonne Jones,Member of Parliament,1,Yvonne Jones,Member of Parliament,Yvonne Jones,Member of Parliament
538504,2022-06-07,Yvonne Jones,Member of Parliament,1,Yvonne Jones,Member of Parliament,Yvonne Jones,Member of Parliament
537484,2022-06-14,Yvonne Jones,Member of Parliament,1,Yvonne Jones,Member of Parliament,Yvonne Jones,Member of Parliament
537346,2022-06-15,Yvonne Jones,Member of Parliament,1,Yvonne Jones,Member of Parliament,Yvonne Jones,Member of Parliament
538612,2022-06-15,Yvonne Jones,Member of Parliament,1,Yvonne Jones,Member of Parliament,Yvonne Jones,Member of Parliament
537385,2022-06-20,Yvonne Jones,Member of Parliament,1,Yvonne Jones,Member of Parliament,Yvonne Jones,Member of Parliament
538616,2022-06-27,Yvonne Jones,Parliamentary Secretary,1,Yvonne Jones,Parliamentary Secretary,Yvonne Jones,Member of Parliament
540494,2022-08-25,Yvonne Jones,Member of Parliament,1,Yvonne Jones,Member of Parliament,Yvonne Jones,Member of Parliament
541545,2022-08-25,Yvonne Jones,Member of Parliament,1,Yvonne Jones,Member of Parliament,Yvonne Jones,Member of Parliament
541606,2022-08-25,Yvonne Jones,Member of Parliament,1,Yvonne Jones,Member of Parliament,Yvonne Jones,Member of Parliament
543805,2022-09-10,Yvonne Jones,Member of Parliament,1,Yvonne Jones,Member of Parliament,Yvonne Jones,Member of Parliament
546474,2022-10-06,Yvonne Jones,Member of Parliament,1,Yvonne Jones,Member of Parliament,Yvonne Jones,Member of Parliament
546256,2022-10-06,Yvonne Jones,Parliamentary Secretary,1,Yvonne Jones,Parliamentary Secretary,Yvonne Jones,Member of Parliament
544701,2022-10-24,Yvonne Jones,Member of Parliament,1,Yvonne Jones,Member of Parliament,Yvonne Jones,Member of Parliament
547363,2022-10-31,Yvonne Jones,Member of Parliament,1,Yvonne Jones,Member of Parliament,Yvonne Jones,Member of Parliament
549300,2022-11-08,Yvonne Jones,Member of Parliament,1,Yvonne Jones,Member of Parliament,Yvonne Jones,Member of Parliament
550166,2022-11-22,Yvonne Jones,Member of Parliament,1,Yvonne Jones,Member of Parliament,Yvonne Jones,Member of Parliament
569714,2023-05-03,Yvonne Jones,Member of Parliament,1,Yvonne Jones,Member of Parliament,Yvonne Jones,Member of Parliament
569752,2023-05-29,Yvonne Jones,Member of Parliament,1,Yvonne Jones,Member of Parliament,Yvonne Jones,Member of Parliament
579038,2023-09-26,Yvonne Jones,Member of Parliament,1,Yvonne Jones,Member of Parliament,Yvonne Jones,Member of Parliament
577532,2023-10-03,Yvonne Jones,Member of Parliament,1,Yvonne Jones,Member of Parliament,Yvonne Jones,Member of Parliament
581924,2023-10-03,Yvonne Jones,Member of Parliament,1,Yvonne Jones,Member of Parliament,Yvonne Jones,Member of Parliament
584383,2023-10-20,Yvonne Jones,Parliamentary Secretary,1,Yvonne Jones,Parliamentary Secretary,Yvonne Jones,Member of Parliament
584047,2023-10-24,Yvonne Jones,Member of Parliament,1,Yvonne Jones,Member of Parliament,Yvonne Jones,Member of Parliament
587977,2023-11-21,Yvonne Jones,Member of Parliament,1,Yvonne Jones,Member of Parliament,Yvonne Jones,Member of Parliament
589012,2023-11-21,Yvonne Jones,Member of Parliament,1,Yvonne Jones,Member of Parliament,Yvonne Jones,Member of Parliament
589292,2023-11-27,Yvonne Jones,Member of Parliament,1,Yvonne Jones,Member of Parliament,Yvonne Jones,Member of Parliament
590540,2023-12-11,Yvonne Jones,Member of Parliament,1,Yvonne Jones,Member of Parliament,Yvonne Jones,Member of Parliament
593006,2024-01-29,Yvonne Jones,Member of Parliament,1,Yvonne Jones,Member of Parliament,Yvonne Jones,Member of Parliament
591780,2024-01-30,Yvonne Jones,Member of Parliament,1,Yvonne Jones,Member of Parliament,Yvonne Jones,Member of Parliament
591901,2024-01-30,Yvonne Jones,Member of Parliament,1,Yvonne Jones,Member of Parliament,Yvonne Jones,Member of Parliament
596602,2024-02-01,Yvonne Jones,Member of Parliament,1,Yvonne Jones,Member of Parliament,Yvonne Jones,Member of Parliament
594868,2024-02-15,Yvonne Jones,Member of Parliament,1,Yvonne Jones,Member of Parliament,Yvonne Jones,Member of Parliament
595831,2024-02-27,Yvonne Jones,Member of Parliament,1,Yvonne Jones,Member of Parliament,Yvonne Jones,Member of Parliament
599658,2024-03-05,Yvonne Jones,Member of Parliament,1,Yvonne Jones,Member of Parliament,Yvonne Jones,Member of Parliament
600818,2024-03-05,Yvonne Jones,Member of Parliament,1,Yvonne Jones,Member of Parliament,Yvonne Jones,Member of Parliament
607436,2024-05-07,Yvonne Jones,Member of Parliament,1,Yvonne Jones,Member of Parliament,Yvonne Jones,Member of Parliament
604840,2024-05-09,Yvonne Jones,Member of Parliament,1,Yvonne Jones,Member of Parliament,Yvonne Jones,Member of Parliament
605985,2024-05-29,Yvonne Jones,Member of Parliament,1,Yvonne Jones,Member of Parliament,Yvonne Jones,Member of Parliament
606074,2024-05-29,Yvonne Jones,Member of Parliament,1,Yvonne Jones,Member of Parliament,Yvonne Jones,Member of Parliament
607096,2024-05-29,Yvonne Jones,Member of Parliament,1,Yvonne Jones,Member of Parliament,Yvonne Jones,Member of Parliament
610968,2024-06-04,Yvonne Jones,Member of Parliament,1,Yvonne Jones,Member of Parliament,Yvonne Jones,Member of Parliament
610564,2024-06-04,Yvonne Jones,Parliamentary Secretary,1,Yvonne Jones,Parliamentary Secretary,Yvonne Jones,Member of Parliament
623890,2024-10-07,Yvonne Jones,Member of Parliament,1,Yvonne Jones,Member of Parliament,Yvonne Jones,Member of Parliament
622022,2024-10-23,Yvonne Jones,Member of Parliament,1,Yvonne Jones,Member of Parliament,Yvonne Jones,Member of Parliament
625512,2024-11-19,Yvonne Jones,Member of Parliament,1,Yvonne Jones,Member of Parliament,Yvonne Jones,Member of Parliament
625619,2024-11-19,Yvonne Jones,Member of Parliament,1,Yvonne Jones,Member of Parliament,Yvonne Jones,Member of Parliament
627717,2024-11-20,Yvonne Jones,Member of Parliament,1,Yvonne Jones,Member of Parliament,Yvonne Jones,Member of Parliament
635231,2025-03-02,Yvonne Jones,Member of Parliament,1,Yvonne Jones,Member of Parliament,Yvonne Jones,Member of Parliament
354753,2015-05-05,Yvonne Jones MP,Member of Parliament,1,Yvonne Jones,Member of Parliament,Yvonne Jones,Member of Parliament
353760,2015-04-21,Yvonne Jonnes,Member of Parliament,1,Yvonne Jonnes,Member of Parliament,Yvonne Jones,Member of Parliament
442567,2018-11-20,Yvonne Jonnes,Member of Parliament,1,Yvonne Jonnes,Member of Parliament,Yvonne Jones,Member of Parliament
457669,2019-06-17,Yvonne Jonnes,Member of Parliament,1,Yvonne Jonnes,Member of Parliament,Yvonne Jones,Member of Parliament
273089,2013-04-02,Yvonne Morkos,Project and International Banking Manager,1,Yvonne Morkos,Project and International Banking Manager,Yvonne Morkos,Project and International Banking Manager
491856,2020-12-03,Yvonne Says,Outreach and Advocacy,1,Yvonne Says,Outreach and Advocacy,Yvonne Says,Outreach and Advocacy
468645,2020-02-13,Yvonne Uche-Odu-Thomas,"Director, Legar Department",1,Yvonne Uche-odu-thomas,"Director, Legar Department",Yvonne Uche-odu-thomas,"Director, Legar Department"
365012,2015-11-24,Yvonne Zadra,Human Rights Monitor,1,Yvonne Zadra,Human Rights Monitor,Yvonne Zadra,Trade Commissioner
365392,2015-11-24,Yvonne Zadra,Trade Commissioner,1,Yvonne Zadra,Trade Commissioner,Yvonne Zadra,Trade Commissioner
371437,2016-02-26,Yvonne Zadra,Trade Commissioner,1,Yvonne Zadra,Trade Commissioner,Yvonne Zadra,Trade Commissioner
